fare_id,rider_category_id,price
1,5,3.35
2,5,1.90
3,5,4.50
4,5,1.90
5,5,3.85
6,5,3.10
7,5,3.00
8,5,2.90
9,5,2.80
10,5,2.75
11,5,2.70
12,5,2.60
13,5,2.55
14,5,2.55
15,5,2.55
16,5,2.75
17,5,2.85
18,5,3.00
19,5,3.15
20,5,3.30
21,5,3.50
22,5,3.75
23,5,3.95
24,5,3.30
25,5,3.95
26,5,4.20
27,5,3.90
28,5,1.90
29,5,3.80
30,5,3.55
31,5,3.45
32,5,3.25
33,5,3.00
34,5,2.70
35,5,2.50
36,5,2.30
37,5,2.30
38,5,2.30
39,5,2.30
40,5,2.20
41,5,2.15
42,5,2.00
43,5,1.90
44,5,1.90
45,5,6.40
46,5,4.20
47,5,4.65
48,5,4.80
49,5,4.30
50,5,4.65
51,5,1.90
52,5,3.35
53,5,4.50
54,5,1.90
55,5,4.00
56,5,3.25
57,5,3.15
58,5,3.05
59,5,2.95
60,5,2.90
61,5,2.85
62,5,2.75
63,5,2.70
64,5,2.70
65,5,2.70
66,5,2.90
67,5,3.00
68,5,3.15
69,5,3.30
70,5,3.45
71,5,3.65
72,5,3.90
73,5,4.10
74,5,3.45
75,5,4.10
76,5,4.35
77,5,4.05
78,5,1.90
79,5,3.95
80,5,3.70
81,5,3.60
82,5,3.40
83,5,3.15
84,5,2.85
85,5,2.65
86,5,2.50
87,5,2.50
88,5,2.50
89,5,2.50
90,5,2.40
91,5,2.35
92,5,2.20
93,5,2.15
94,5,1.90
95,5,6.55
96,5,4.35
97,5,4.80
98,5,4.95
99,5,4.45
100,5,4.80
101,5,4.50
102,5,4.50
103,5,3.35
104,5,2.60
105,5,6.75
106,5,6.00
107,5,5.85
108,5,5.75
109,5,5.65
110,5,5.60
111,5,5.55
112,5,5.50
113,5,5.45
114,5,5.45
115,5,5.45
116,5,5.60
117,5,5.70
118,5,5.90
119,5,6.00
120,5,6.20
121,5,6.35
122,5,6.65
123,5,6.85
124,5,6.20
125,5,6.85
126,5,7.05
127,5,6.75
128,5,4.70
129,5,6.65
130,5,6.40
131,5,6.35
132,5,6.10
133,5,5.90
134,5,5.55
135,5,5.40
136,5,5.25
137,5,5.25
138,5,5.25
139,5,5.25
140,5,5.20
141,5,5.15
142,5,5.00
143,5,4.95
144,5,4.80
145,5,9.25
146,5,7.10
147,5,7.50
148,5,7.65
149,5,7.15
150,5,7.55
151,5,1.90
152,5,1.90
153,5,2.60
154,5,3.35
155,5,4.20
156,5,3.45
157,5,3.35
158,5,3.25
159,5,3.10
160,5,3.10
161,5,3.05
162,5,2.95
163,5,2.90
164,5,2.90
165,5,2.90
166,5,3.05
167,5,3.20
168,5,3.35
169,5,3.50
170,5,3.65
171,5,3.85
172,5,4.10
173,5,4.30
174,5,3.65
175,5,4.30
176,5,4.55
177,5,4.25
178,5,2.20
179,5,4.15
180,5,3.90
181,5,3.80
182,5,3.60
183,5,3.35
184,5,3.05
185,5,2.85
186,5,2.75
187,5,2.75
188,5,2.75
189,5,2.75
190,5,2.70
191,5,2.65
192,5,2.50
193,5,2.45
194,5,2.30
195,5,6.70
196,5,4.55
197,5,5.00
198,5,5.15
199,5,4.65
200,5,5.00
201,5,3.85
202,5,4.00
203,5,6.75
204,5,4.20
205,5,3.35
206,5,3.00
207,5,2.90
208,5,2.80
209,5,2.70
210,5,2.65
211,5,2.60
212,5,2.55
213,5,2.50
214,5,2.50
215,5,2.50
216,5,2.35
217,5,2.20
218,5,2.05
219,5,1.15
220,5,2.05
221,5,2.25
222,5,2.55
223,5,2.75
224,5,1.15
225,5,1.15
226,5,4.00
227,5,3.70
228,5,3.75
229,5,3.60
230,5,3.35
231,5,3.25
232,5,3.05
233,5,2.85
234,5,2.55
235,5,2.55
236,5,3.50
237,5,3.50
238,5,3.50
239,5,3.50
240,5,3.55
241,5,3.55
242,5,3.65
243,5,3.70
244,5,3.75
245,5,5.75
246,5,3.00
247,5,3.40
248,5,3.55
249,5,4.10
250,5,4.50
251,5,3.10
252,5,3.25
253,5,6.00
254,5,3.45
255,5,3.00
256,5,3.35
257,5,1.15
258,5,1.15
259,5,1.15
260,5,1.15
261,5,1.15
262,5,1.55
263,5,1.70
264,5,1.70
265,5,1.70
266,5,1.85
267,5,2.00
268,5,2.15
269,5,2.30
270,5,2.45
271,5,2.65
272,5,2.95
273,5,3.10
274,5,2.45
275,5,3.10
276,5,3.15
277,5,2.85
278,5,3.00
279,5,2.75
280,5,2.50
281,5,2.40
282,5,2.20
283,5,1.95
284,5,1.60
285,5,1.80
286,5,2.75
287,5,2.75
288,5,2.75
289,5,2.75
290,5,2.80
291,5,2.80
292,5,2.90
293,5,2.95
294,5,3.00
295,5,5.55
296,5,3.40
297,5,3.80
298,5,3.95
299,5,3.25
300,5,3.60
301,5,3.00
302,5,3.15
303,5,5.85
304,5,3.35
305,5,2.90
306,5,1.15
307,5,3.35
308,5,1.15
309,5,1.15
310,5,1.15
311,5,1.15
312,5,1.35
313,5,1.50
314,5,1.50
315,5,1.50
316,5,1.75
317,5,1.85
318,5,2.05
319,5,2.20
320,5,2.35
321,5,2.50
322,5,2.80
323,5,3.00
324,5,2.35
325,5,3.00
326,5,3.05
327,5,2.75
328,5,2.85
329,5,2.60
330,5,2.35
331,5,2.30
332,5,2.10
333,5,1.85
334,5,1.40
335,5,1.60
336,5,2.60
337,5,2.60
338,5,2.60
339,5,2.60
340,5,2.65
341,5,2.70
342,5,2.75
343,5,2.80
344,5,2.90
345,5,5.40
346,5,3.25
347,5,3.70
348,5,3.85
349,5,3.10
350,5,3.50
351,5,2.90
352,5,3.05
353,5,5.75
354,5,3.25
355,5,2.80
356,5,1.15
357,5,1.15
358,5,3.35
359,5,1.15
360,5,1.15
361,5,1.15
362,5,1.20
363,5,1.30
364,5,1.30
365,5,1.30
366,5,1.60
367,5,1.75
368,5,1.95
369,5,2.10
370,5,2.25
371,5,2.40
372,5,2.70
373,5,2.90
374,5,2.25
375,5,2.90
376,5,2.95
377,5,2.65
378,5,2.80
379,5,2.50
380,5,2.30
381,5,2.20
382,5,2.00
383,5,1.70
384,5,1.25
385,5,1.45
386,5,2.50
387,5,2.50
388,5,2.50
389,5,2.50
390,5,2.55
391,5,2.60
392,5,2.70
393,5,2.70
394,5,2.80
395,5,5.30
396,5,3.15
397,5,3.60
398,5,3.70
399,5,3.05
400,5,3.40
401,5,2.80
402,5,2.95
403,5,5.65
404,5,3.10
405,5,2.70
406,5,1.15
407,5,1.15
408,5,1.15
409,5,3.35
410,5,1.15
411,5,1.15
412,5,1.15
413,5,1.15
414,5,1.15
415,5,1.15
416,5,1.40
417,5,1.60
418,5,1.85
419,5,1.95
420,5,2.15
421,5,2.30
422,5,2.60
423,5,2.80
424,5,2.15
425,5,2.80
426,5,2.80
427,5,2.50
428,5,2.65
429,5,2.40
430,5,2.15
431,5,2.10
432,5,1.85
433,5,1.50
434,5,1.15
435,5,1.25
436,5,2.40
437,5,2.40
438,5,2.40
439,5,2.40
440,5,2.45
441,5,2.50
442,5,2.55
443,5,2.60
444,5,2.70
445,5,5.15
446,5,3.05
447,5,3.45
448,5,3.60
449,5,2.90
450,5,3.30
451,5,2.75
452,5,2.90
453,5,5.60
454,5,3.10
455,5,2.65
456,5,1.15
457,5,1.15
458,5,1.15
459,5,1.15
460,5,3.35
461,5,1.15
462,5,1.15
463,5,1.15
464,5,1.15
465,5,1.15
466,5,1.35
467,5,1.50
468,5,1.80
469,5,1.95
470,5,2.10
471,5,2.30
472,5,2.55
473,5,2.75
474,5,2.10
475,5,2.75
476,5,2.80
477,5,2.50
478,5,2.65
479,5,2.35
480,5,2.15
481,5,2.05
482,5,1.80
483,5,1.45
484,5,1.15
485,5,1.15
486,5,2.35
487,5,2.35
488,5,2.35
489,5,2.35
490,5,2.40
491,5,2.45
492,5,2.55
493,5,2.60
494,5,2.65
495,5,5.05
496,5,3.00
497,5,3.45
498,5,3.60
499,5,2.90
500,5,3.25
501,5,2.70
502,5,2.85
503,5,5.55
504,5,3.05
505,5,2.60
506,5,1.15
507,5,1.15
508,5,1.15
509,5,1.15
510,5,1.15
511,5,3.35
512,5,1.15
513,5,1.15
514,5,1.15
515,5,1.15
516,5,1.25
517,5,1.40
518,5,1.70
519,5,1.90
520,5,2.05
521,5,2.25
522,5,2.50
523,5,2.70
524,5,2.05
525,5,2.70
526,5,2.75
527,5,2.45
528,5,2.60
529,5,2.35
530,5,2.10
531,5,2.00
532,5,1.70
533,5,1.35
534,5,1.15
535,5,1.15
536,5,2.25
537,5,2.25
538,5,2.25
539,5,2.25
540,5,2.35
541,5,2.40
542,5,2.50
543,5,2.55
544,5,2.60
545,5,4.95
546,5,2.95
547,5,3.40
548,5,3.55
549,5,2.85
550,5,3.25
551,5,2.60
552,5,2.75
553,5,5.50
554,5,2.95
555,5,2.55
556,5,1.55
557,5,1.35
558,5,1.20
559,5,1.15
560,5,1.15
561,5,1.15
562,5,3.35
563,5,1.15
564,5,1.15
565,5,1.15
566,5,1.15
567,5,1.30
568,5,1.60
569,5,1.80
570,5,2.00
571,5,2.15
572,5,2.45
573,5,2.65
574,5,2.00
575,5,2.65
576,5,2.75
577,5,2.45
578,5,2.50
579,5,2.35
580,5,2.10
581,5,2.00
582,5,1.70
583,5,1.15
584,5,1.15
585,5,1.15
586,5,2.15
587,5,2.15
588,5,2.15
589,5,2.15
590,5,2.25
591,5,2.30
592,5,2.40
593,5,2.45
594,5,2.55
595,5,4.85
596,5,2.90
597,5,3.30
598,5,3.45
599,5,2.85
600,5,3.25
601,5,2.55
602,5,2.70
603,5,5.45
604,5,2.90
605,5,2.50
606,5,1.70
607,5,1.50
608,5,1.30
609,5,1.15
610,5,1.15
611,5,1.15
612,5,1.15
613,5,3.35
614,5,1.15
615,5,1.15
616,5,1.15
617,5,1.15
618,5,1.45
619,5,1.65
620,5,1.95
621,5,2.10
622,5,2.40
623,5,2.60
624,5,1.95
625,5,2.60
626,5,2.80
627,5,2.50
628,5,2.45
629,5,2.35
630,5,2.15
631,5,2.05
632,5,1.75
633,5,1.40
634,5,1.15
635,5,1.15
636,5,2.00
637,5,2.00
638,5,2.00
639,5,2.00
640,5,2.10
641,5,2.20
642,5,2.30
643,5,2.40
644,5,2.45
645,5,4.65
646,5,2.85
647,5,3.25
648,5,3.40
649,5,2.90
650,5,3.25
651,5,2.55
652,5,2.70
653,5,5.45
654,5,2.90
655,5,2.50
656,5,1.70
657,5,1.50
658,5,1.30
659,5,1.15
660,5,1.15
661,5,1.15
662,5,1.15
663,5,1.15
664,5,3.35
665,5,1.15
666,5,1.15
667,5,1.15
668,5,1.45
669,5,1.65
670,5,1.95
671,5,2.10
672,5,2.40
673,5,2.60
674,5,1.95
675,5,2.60
676,5,2.80
677,5,2.50
678,5,2.45
679,5,2.35
680,5,2.15
681,5,2.05
682,5,1.75
683,5,1.40
684,5,1.15
685,5,1.15
686,5,2.00
687,5,2.00
688,5,2.00
689,5,2.00
690,5,2.10
691,5,2.20
692,5,2.30
693,5,2.40
694,5,2.45
695,5,4.65
696,5,2.85
697,5,3.25
698,5,3.40
699,5,2.90
700,5,3.25
701,5,2.55
702,5,2.70
703,5,5.45
704,5,2.90
705,5,2.50
706,5,1.70
707,5,1.50
708,5,1.30
709,5,1.15
710,5,1.15
711,5,1.15
712,5,1.15
713,5,1.15
714,5,1.15
715,5,3.35
716,5,1.15
717,5,1.15
718,5,1.45
719,5,1.65
720,5,1.95
721,5,2.10
722,5,2.40
723,5,2.60
724,5,1.95
725,5,2.60
726,5,2.80
727,5,2.50
728,5,2.45
729,5,2.35
730,5,2.15
731,5,2.05
732,5,1.75
733,5,1.40
734,5,1.15
735,5,1.15
736,5,2.00
737,5,2.00
738,5,2.00
739,5,2.00
740,5,2.10
741,5,2.20
742,5,2.30
743,5,2.40
744,5,2.45
745,5,4.65
746,5,2.85
747,5,3.25
748,5,3.40
749,5,2.90
750,5,3.25
751,5,2.75
752,5,2.90
753,5,5.60
754,5,3.05
755,5,2.35
756,5,1.85
757,5,1.75
758,5,1.60
759,5,1.40
760,5,1.35
761,5,1.25
762,5,1.15
763,5,1.15
764,5,1.15
765,5,1.15
766,5,3.35
767,5,1.15
768,5,1.15
769,5,1.40
770,5,1.65
771,5,1.95
772,5,2.25
773,5,2.45
774,5,1.65
775,5,2.40
776,5,2.90
777,5,2.55
778,5,2.60
779,5,2.45
780,5,2.20
781,5,2.15
782,5,1.90
783,5,1.60
784,5,1.15
785,5,1.15
786,5,2.25
787,5,2.25
788,5,2.25
789,5,2.25
790,5,2.35
791,5,2.45
792,5,2.50
793,5,2.55
794,5,2.65
795,5,4.65
796,5,2.70
797,5,3.10
798,5,3.25
799,5,2.95
800,5,3.35
801,5,2.85
802,5,3.00
803,5,5.70
804,5,3.20
805,5,2.20
806,5,2.00
807,5,1.85
808,5,1.75
809,5,1.60
810,5,1.50
811,5,1.40
812,5,1.30
813,5,1.15
814,5,1.15
815,5,1.15
816,5,1.15
817,5,3.35
818,5,1.15
819,5,1.15
820,5,1.50
821,5,1.75
822,5,2.10
823,5,2.30
824,5,1.50
825,5,2.30
826,5,3.00
827,5,2.70
828,5,2.75
829,5,2.55
830,5,2.35
831,5,2.25
832,5,2.05
833,5,1.80
834,5,1.35
835,5,1.25
836,5,2.45
837,5,2.45
838,5,2.45
839,5,2.45
840,5,2.50
841,5,2.55
842,5,2.60
843,5,2.65
844,5,2.75
845,5,3.55
846,5,2.55
847,5,3.00
848,5,3.15
849,5,3.10
850,5,3.45
851,5,3.00
852,5,3.15
853,5,5.90
854,5,3.35
855,5,2.05
856,5,2.15
857,5,2.05
858,5,1.95
859,5,1.85
860,5,1.80
861,5,1.70
862,5,1.60
863,5,1.45
864,5,1.45
865,5,1.45
866,5,1.15
867,5,1.15
868,5,3.35
869,5,1.15
870,5,1.15
871,5,1.50
872,5,1.90
873,5,2.15
874,5,1.15
875,5,2.15
876,5,3.15
877,5,2.85
878,5,2.90
879,5,2.75
880,5,2.50
881,5,2.40
882,5,2.20
883,5,2.00
884,5,1.60
885,5,1.55
886,5,2.65
887,5,2.65
888,5,2.65
889,5,2.65
890,5,2.70
891,5,2.70
892,5,2.80
893,5,2.85
894,5,2.90
895,5,4.65
896,5,2.40
897,5,2.85
898,5,2.95
899,5,3.25
900,5,3.60
901,5,3.15
902,5,3.30
903,5,6.00
904,5,3.50
905,5,1.15
906,5,2.30
907,5,2.20
908,5,2.10
909,5,1.95
910,5,1.95
911,5,1.90
912,5,1.80
913,5,1.65
914,5,1.65
915,5,1.65
916,5,1.40
917,5,1.15
918,5,1.15
919,5,3.35
920,5,1.15
921,5,1.15
922,5,1.15
923,5,1.15
924,5,1.15
925,5,1.15
926,5,3.30
927,5,3.00
928,5,3.05
929,5,2.90
930,5,2.65
931,5,2.55
932,5,2.35
933,5,2.10
934,5,1.80
935,5,1.75
936,5,2.80
937,5,2.80
938,5,2.80
939,5,2.80
940,5,2.80
941,5,2.85
942,5,2.95
943,5,3.00
944,5,3.05
945,5,4.65
946,5,2.25
947,5,2.70
948,5,2.85
949,5,3.40
950,5,3.75
951,5,3.30
952,5,3.45
953,5,6.20
954,5,3.65
955,5,2.05
956,5,2.45
957,5,2.35
958,5,2.25
959,5,2.15
960,5,2.10
961,5,2.05
962,5,2.00
963,5,1.95
964,5,1.95
965,5,1.95
966,5,1.65
967,5,1.50
968,5,1.15
969,5,1.15
970,5,3.35
971,5,1.15
972,5,1.15
973,5,1.15
974,5,1.15
975,5,2.15
976,5,3.45
977,5,3.15
978,5,3.20
979,5,3.05
980,5,2.80
981,5,2.70
982,5,2.50
983,5,2.30
984,5,2.00
985,5,2.00
986,5,2.95
987,5,2.95
988,5,2.95
989,5,2.95
990,5,3.00
991,5,3.00
992,5,3.10
993,5,3.15
994,5,3.20
995,5,5.05
996,5,2.10
997,5,2.55
998,5,2.65
999,5,3.55
1000,5,3.90
1001,5,3.50
1002,5,3.65
1003,5,6.35
1004,5,3.85
1005,5,2.25
1006,5,2.65
1007,5,2.50
1008,5,2.40
1009,5,2.30
1010,5,2.30
1011,5,2.25
1012,5,2.15
1013,5,2.10
1014,5,2.10
1015,5,2.10
1016,5,1.95
1017,5,1.75
1018,5,1.50
1019,5,1.15
1020,5,1.15
1021,5,3.35
1022,5,1.15
1023,5,1.15
1024,5,1.55
1025,5,2.35
1026,5,3.65
1027,5,3.35
1028,5,3.40
1029,5,3.20
1030,5,3.00
1031,5,2.90
1032,5,2.70
1033,5,2.45
1034,5,2.15
1035,5,2.15
1036,5,3.10
1037,5,3.10
1038,5,3.10
1039,5,3.10
1040,5,3.15
1041,5,3.20
1042,5,3.30
1043,5,3.30
1044,5,3.40
1045,5,5.30
1046,5,1.15
1047,5,2.35
1048,5,2.50
1049,5,3.75
1050,5,4.10
1051,5,3.75
1052,5,3.90
1053,5,6.65
1054,5,4.10
1055,5,2.55
1056,5,2.95
1057,5,2.80
1058,5,2.70
1059,5,2.60
1060,5,2.55
1061,5,2.50
1062,5,2.45
1063,5,2.40
1064,5,2.40
1065,5,2.40
1066,5,2.25
1067,5,2.10
1068,5,1.90
1069,5,1.15
1070,5,1.15
1071,5,1.15
1072,5,3.35
1073,5,1.15
1074,5,1.95
1075,5,2.65
1076,5,3.90
1077,5,3.60
1078,5,3.65
1079,5,3.50
1080,5,3.25
1081,5,3.15
1082,5,2.95
1083,5,2.75
1084,5,2.45
1085,5,2.45
1086,5,3.40
1087,5,3.40
1088,5,3.40
1089,5,3.40
1090,5,3.45
1091,5,3.50
1092,5,3.55
1093,5,3.60
1094,5,3.70
1095,5,5.65
1096,5,1.15
1097,5,2.05
1098,5,2.20
1099,5,4.00
1100,5,4.40
1101,5,3.95
1102,5,4.10
1103,5,6.85
1104,5,4.30
1105,5,2.75
1106,5,3.10
1107,5,3.00
1108,5,2.90
1109,5,2.80
1110,5,2.75
1111,5,2.70
1112,5,2.65
1113,5,2.60
1114,5,2.60
1115,5,2.60
1116,5,2.45
1117,5,2.30
1118,5,2.15
1119,5,1.15
1120,5,1.15
1121,5,1.15
1122,5,1.15
1123,5,3.35
1124,5,2.20
1125,5,2.80
1126,5,4.10
1127,5,3.80
1128,5,3.85
1129,5,3.70
1130,5,3.45
1131,5,3.35
1132,5,3.15
1133,5,2.95
1134,5,2.65
1135,5,2.65
1136,5,3.60
1137,5,3.60
1138,5,3.60
1139,5,3.60
1140,5,3.65
1141,5,3.70
1142,5,3.75
1143,5,3.80
1144,5,3.90
1145,5,5.85
1146,5,1.15
1147,5,1.80
1148,5,2.00
1149,5,4.20
1150,5,4.60
1151,5,3.30
1152,5,3.45
1153,5,6.20
1154,5,3.65
1155,5,1.15
1156,5,2.45
1157,5,2.35
1158,5,2.25
1159,5,2.15
1160,5,2.10
1161,5,2.05
1162,5,2.00
1163,5,1.95
1164,5,1.95
1165,5,1.95
1166,5,1.65
1167,5,1.50
1168,5,1.15
1169,5,1.15
1170,5,1.15
1171,5,1.55
1172,5,1.95
1173,5,2.20
1174,5,3.35
1175,5,1.15
1176,5,3.45
1177,5,3.15
1178,5,3.20
1179,5,3.05
1180,5,2.80
1181,5,2.70
1182,5,2.50
1183,5,2.30
1184,5,2.00
1185,5,2.00
1186,5,2.95
1187,5,2.95
1188,5,2.95
1189,5,2.95
1190,5,3.00
1191,5,3.00
1192,5,3.10
1193,5,3.15
1194,5,3.20
1195,5,5.05
1196,5,2.45
1197,5,2.85
1198,5,3.00
1199,5,3.55
1200,5,3.95
1201,5,3.95
1202,5,4.10
1203,5,6.85
1204,5,4.30
1205,5,1.15
1206,5,3.10
1207,5,3.00
1208,5,2.90
1209,5,2.80
1210,5,2.75
1211,5,2.70
1212,5,2.65
1213,5,2.60
1214,5,2.60
1215,5,2.60
1216,5,2.40
1217,5,2.30
1218,5,2.15
1219,5,1.15
1220,5,2.15
1221,5,2.35
1222,5,2.65
1223,5,2.80
1224,5,1.15
1225,5,3.35
1226,5,4.10
1227,5,3.80
1228,5,3.85
1229,5,3.70
1230,5,3.45
1231,5,3.35
1232,5,3.15
1233,5,2.95
1234,5,2.65
1235,5,2.65
1236,5,3.60
1237,5,3.60
1238,5,3.60
1239,5,3.60
1240,5,3.65
1241,5,3.65
1242,5,3.75
1243,5,3.80
1244,5,3.85
1245,5,5.85
1246,5,3.10
1247,5,3.50
1248,5,3.65
1249,5,4.20
1250,5,4.55
1251,5,4.20
1252,5,4.35
1253,5,7.05
1254,5,4.55
1255,5,4.00
1256,5,3.15
1257,5,3.05
1258,5,2.95
1259,5,2.80
1260,5,2.80
1261,5,2.75
1262,5,2.75
1263,5,2.80
1264,5,2.80
1265,5,2.80
1266,5,2.90
1267,5,3.00
1268,5,3.15
1269,5,3.30
1270,5,3.45
1271,5,3.65
1272,5,3.90
1273,5,4.10
1274,5,3.45
1275,5,4.10
1276,5,3.35
1277,5,1.15
1278,5,4.10
1279,5,1.15
1280,5,1.15
1281,5,1.15
1282,5,2.15
1283,5,2.35
1284,5,2.70
1285,5,2.85
1286,5,3.85
1287,5,3.85
1288,5,3.85
1289,5,3.85
1290,5,3.85
1291,5,3.90
1292,5,4.00
1293,5,4.05
1294,5,4.10
1295,5,6.55
1296,5,4.35
1297,5,4.80
1298,5,4.95
1299,5,1.15
1300,5,1.15
1301,5,3.90
1302,5,4.05
1303,5,6.75
1304,5,4.25
1305,5,3.70
1306,5,2.85
1307,5,2.75
1308,5,2.65
1309,5,2.50
1310,5,2.50
1311,5,2.45
1312,5,2.45
1313,5,2.50
1314,5,2.50
1315,5,2.50
1316,5,2.55
1317,5,2.70
1318,5,2.85
1319,5,3.00
1320,5,3.15
1321,5,3.35
1322,5,3.60
1323,5,3.80
1324,5,3.15
1325,5,3.80
1326,5,1.15
1327,5,3.35
1328,5,3.80
1329,5,1.15
1330,5,1.15
1331,5,1.15
1332,5,1.75
1333,5,2.05
1334,5,2.40
1335,5,2.55
1336,5,3.55
1337,5,3.55
1338,5,3.55
1339,5,3.55
1340,5,3.55
1341,5,3.60
1342,5,3.70
1343,5,3.75
1344,5,3.80
1345,5,6.25
1346,5,4.05
1347,5,4.50
1348,5,4.65
1349,5,1.15
1350,5,1.95
1351,5,1.90
1352,5,1.90
1353,5,4.70
1354,5,2.20
1355,5,3.75
1356,5,3.00
1357,5,2.85
1358,5,2.80
1359,5,2.65
1360,5,2.65
1361,5,2.60
1362,5,2.50
1363,5,2.45
1364,5,2.45
1365,5,2.45
1366,5,2.60
1367,5,2.75
1368,5,2.90
1369,5,3.05
1370,5,3.20
1371,5,3.40
1372,5,3.65
1373,5,3.85
1374,5,3.20
1375,5,3.85
1376,5,4.10
1377,5,3.80
1378,5,3.35
1379,5,3.65
1380,5,3.45
1381,5,3.35
1382,5,3.15
1383,5,2.90
1384,5,2.60
1385,5,2.40
1386,5,2.10
1387,5,2.10
1388,5,2.10
1389,5,2.10
1390,5,2.00
1391,5,1.95
1392,5,1.90
1393,5,1.90
1394,5,1.90
1395,5,6.25
1396,5,4.10
1397,5,4.55
1398,5,4.70
1399,5,4.20
1400,5,4.55
1401,5,3.80
1402,5,3.95
1403,5,6.65
1404,5,4.15
1405,5,3.60
1406,5,2.75
1407,5,2.60
1408,5,2.50
1409,5,2.40
1410,5,2.35
1411,5,2.35
1412,5,2.35
1413,5,2.35
1414,5,2.35
1415,5,2.35
1416,5,2.45
1417,5,2.55
1418,5,2.75
1419,5,2.90
1420,5,3.05
1421,5,3.20
1422,5,3.50
1423,5,3.70
1424,5,3.05
1425,5,3.70
1426,5,1.15
1427,5,1.15
1428,5,3.65
1429,5,3.35
1430,5,1.15
1431,5,1.15
1432,5,1.15
1433,5,1.15
1434,5,2.25
1435,5,2.45
1436,5,3.40
1437,5,3.40
1438,5,3.40
1439,5,3.40
1440,5,3.45
1441,5,3.50
1442,5,3.55
1443,5,3.60
1444,5,3.70
1445,5,6.10
1446,5,3.95
1447,5,4.35
1448,5,4.50
1449,5,1.15
1450,5,2.05
1451,5,3.55
1452,5,3.70
1453,5,6.40
1454,5,3.90
1455,5,3.35
1456,5,2.50
1457,5,2.35
1458,5,2.30
1459,5,2.15
1460,5,2.15
1461,5,2.10
1462,5,2.10
1463,5,2.15
1464,5,2.15
1465,5,2.15
1466,5,2.20
1467,5,2.35
1468,5,2.50
1469,5,2.65
1470,5,2.80
1471,5,3.00
1472,5,3.25
1473,5,3.45
1474,5,2.80
1475,5,3.45
1476,5,1.15
1477,5,1.15
1478,5,3.45
1479,5,1.15
1480,5,3.35
1481,5,1.15
1482,5,1.15
1483,5,1.15
1484,5,2.00
1485,5,2.20
1486,5,3.20
1487,5,3.20
1488,5,3.20
1489,5,3.20
1490,5,3.20
1491,5,3.25
1492,5,3.35
1493,5,3.35
1494,5,3.45
1495,5,5.85
1496,5,3.70
1497,5,4.15
1498,5,4.30
1499,5,1.95
1500,5,2.30
1501,5,3.45
1502,5,3.60
1503,5,6.35
1504,5,3.80
1505,5,3.25
1506,5,2.40
1507,5,2.30
1508,5,2.20
1509,5,2.10
1510,5,2.05
1511,5,2.00
1512,5,2.00
1513,5,2.05
1514,5,2.05
1515,5,2.05
1516,5,2.15
1517,5,2.25
1518,5,2.40
1519,5,2.55
1520,5,2.70
1521,5,2.90
1522,5,3.15
1523,5,3.35
1524,5,2.70
1525,5,3.35
1526,5,1.15
1527,5,1.15
1528,5,3.35
1529,5,1.15
1530,5,1.15
1531,5,3.35
1532,5,1.15
1533,5,1.15
1534,5,1.90
1535,5,2.10
1536,5,3.10
1537,5,3.10
1538,5,3.10
1539,5,3.10
1540,5,3.15
1541,5,3.15
1542,5,3.25
1543,5,3.30
1544,5,3.35
1545,5,5.80
1546,5,3.65
1547,5,4.05
1548,5,4.20
1549,5,2.05
1550,5,2.40
1551,5,3.25
1552,5,3.40
1553,5,6.10
1554,5,3.60
1555,5,3.05
1556,5,2.20
1557,5,2.10
1558,5,2.00
1559,5,1.85
1560,5,1.80
1561,5,1.70
1562,5,1.70
1563,5,1.75
1564,5,1.75
1565,5,1.75
1566,5,1.90
1567,5,2.05
1568,5,2.20
1569,5,2.35
1570,5,2.50
1571,5,2.70
1572,5,2.95
1573,5,3.15
1574,5,2.50
1575,5,3.15
1576,5,2.15
1577,5,1.75
1578,5,3.15
1579,5,1.15
1580,5,1.15
1581,5,1.15
1582,5,3.35
1583,5,1.15
1584,5,1.55
1585,5,1.90
1586,5,2.90
1587,5,2.90
1588,5,2.90
1589,5,2.90
1590,5,2.90
1591,5,2.95
1592,5,3.05
1593,5,3.05
1594,5,3.15
1595,5,5.55
1596,5,3.40
1597,5,3.85
1598,5,4.00
1599,5,2.25
1600,5,2.60
1601,5,3.00
1602,5,3.15
1603,5,5.90
1604,5,3.35
1605,5,2.85
1606,5,1.95
1607,5,1.85
1608,5,1.70
1609,5,1.50
1610,5,1.45
1611,5,1.35
1612,5,1.15
1613,5,1.40
1614,5,1.40
1615,5,1.40
1616,5,1.60
1617,5,1.80
1618,5,2.00
1619,5,2.10
1620,5,2.30
1621,5,2.45
1622,5,2.75
1623,5,2.95
1624,5,2.30
1625,5,2.95
1626,5,2.35
1627,5,2.05
1628,5,2.90
1629,5,1.15
1630,5,1.15
1631,5,1.15
1632,5,1.15
1633,5,3.35
1634,5,1.15
1635,5,1.55
1636,5,2.65
1637,5,2.65
1638,5,2.65
1639,5,2.65
1640,5,2.70
1641,5,2.75
1642,5,2.80
1643,5,2.85
1644,5,2.95
1645,5,5.35
1646,5,3.20
1647,5,3.60
1648,5,3.75
1649,5,2.45
1650,5,2.85
1651,5,2.70
1652,5,2.85
1653,5,5.55
1654,5,3.05
1655,5,2.55
1656,5,1.60
1657,5,1.40
1658,5,1.25
1659,5,1.15
1660,5,1.15
1661,5,1.15
1662,5,1.15
1663,5,1.15
1664,5,1.15
1665,5,1.15
1666,5,1.15
1667,5,1.35
1668,5,1.60
1669,5,1.80
1670,5,2.00
1671,5,2.15
1672,5,2.45
1673,5,2.65
1674,5,2.00
1675,5,2.65
1676,5,2.70
1677,5,2.40
1678,5,2.60
1679,5,2.25
1680,5,2.00
1681,5,1.90
1682,5,1.55
1683,5,1.15
1684,5,3.35
1685,5,1.15
1686,5,2.25
1687,5,2.25
1688,5,2.25
1689,5,2.25
1690,5,2.35
1691,5,2.40
1692,5,2.50
1693,5,2.55
1694,5,2.60
1695,5,4.85
1696,5,2.90
1697,5,3.30
1698,5,3.45
1699,5,2.80
1700,5,3.15
1701,5,2.50
1702,5,2.65
1703,5,5.40
1704,5,2.85
1705,5,2.55
1706,5,1.80
1707,5,1.60
1708,5,1.45
1709,5,1.25
1710,5,1.15
1711,5,1.15
1712,5,1.15
1713,5,1.15
1714,5,1.15
1715,5,1.15
1716,5,1.15
1717,5,1.25
1718,5,1.55
1719,5,1.75
1720,5,2.00
1721,5,2.15
1722,5,2.45
1723,5,2.65
1724,5,2.00
1725,5,2.65
1726,5,2.85
1727,5,2.55
1728,5,2.40
1729,5,2.45
1730,5,2.20
1731,5,2.10
1732,5,1.90
1733,5,1.55
1734,5,1.15
1735,5,3.35
1736,5,1.85
1737,5,1.85
1738,5,1.85
1739,5,1.85
1740,5,2.00
1741,5,2.05
1742,5,2.20
1743,5,2.30
1744,5,2.45
1745,5,4.80
1746,5,2.90
1747,5,3.30
1748,5,3.45
1749,5,2.95
1750,5,3.35
1751,5,2.30
1752,5,2.50
1753,5,5.25
1754,5,2.75
1755,5,3.50
1756,5,2.75
1757,5,2.60
1758,5,2.50
1759,5,2.40
1760,5,2.35
1761,5,2.25
1762,5,2.15
1763,5,2.00
1764,5,2.00
1765,5,2.00
1766,5,2.25
1767,5,2.45
1768,5,2.65
1769,5,2.80
1770,5,2.95
1771,5,3.10
1772,5,3.40
1773,5,3.60
1774,5,2.95
1775,5,3.60
1776,5,3.85
1777,5,3.55
1778,5,2.10
1779,5,3.40
1780,5,3.20
1781,5,3.10
1782,5,2.90
1783,5,2.65
1784,5,2.25
1785,5,1.85
1786,5,3.35
1787,5,1.15
1788,5,1.15
1789,5,1.15
1790,5,1.15
1791,5,1.15
1792,5,1.15
1793,5,1.15
1794,5,1.90
1795,5,6.00
1796,5,3.85
1797,5,4.30
1798,5,4.40
1799,5,3.90
1800,5,4.30
1801,5,2.30
1802,5,2.50
1803,5,5.25
1804,5,2.75
1805,5,3.50
1806,5,2.75
1807,5,2.60
1808,5,2.50
1809,5,2.40
1810,5,2.35
1811,5,2.25
1812,5,2.15
1813,5,2.00
1814,5,2.00
1815,5,2.00
1816,5,2.25
1817,5,2.45
1818,5,2.65
1819,5,2.80
1820,5,2.95
1821,5,3.10
1822,5,3.40
1823,5,3.60
1824,5,2.95
1825,5,3.60
1826,5,3.85
1827,5,3.55
1828,5,2.10
1829,5,3.40
1830,5,3.20
1831,5,3.10
1832,5,2.90
1833,5,2.65
1834,5,2.25
1835,5,1.85
1836,5,1.15
1837,5,3.35
1838,5,1.15
1839,5,1.15
1840,5,1.15
1841,5,1.15
1842,5,1.15
1843,5,1.15
1844,5,1.90
1845,5,6.00
1846,5,3.85
1847,5,4.30
1848,5,4.40
1849,5,3.90
1850,5,4.30
1851,5,2.30
1852,5,2.50
1853,5,5.25
1854,5,2.75
1855,5,3.50
1856,5,2.75
1857,5,2.60
1858,5,2.50
1859,5,2.40
1860,5,2.35
1861,5,2.25
1862,5,2.15
1863,5,2.00
1864,5,2.00
1865,5,2.00
1866,5,2.25
1867,5,2.45
1868,5,2.65
1869,5,2.80
1870,5,2.95
1871,5,3.10
1872,5,3.40
1873,5,3.60
1874,5,2.95
1875,5,3.60
1876,5,3.85
1877,5,3.55
1878,5,2.10
1879,5,3.40
1880,5,3.20
1881,5,3.10
1882,5,2.90
1883,5,2.65
1884,5,2.25
1885,5,1.85
1886,5,1.15
1887,5,1.15
1888,5,3.35
1889,5,1.15
1890,5,1.15
1891,5,1.15
1892,5,1.15
1893,5,1.15
1894,5,1.90
1895,5,6.00
1896,5,3.85
1897,5,4.30
1898,5,4.40
1899,5,3.90
1900,5,4.30
1901,5,2.30
1902,5,2.50
1903,5,5.25
1904,5,2.75
1905,5,3.50
1906,5,2.75
1907,5,2.60
1908,5,2.50
1909,5,2.40
1910,5,2.35
1911,5,2.25
1912,5,2.15
1913,5,2.00
1914,5,2.00
1915,5,2.00
1916,5,2.25
1917,5,2.45
1918,5,2.65
1919,5,2.80
1920,5,2.95
1921,5,3.10
1922,5,3.40
1923,5,3.60
1924,5,2.95
1925,5,3.60
1926,5,3.85
1927,5,3.55
1928,5,2.10
1929,5,3.40
1930,5,3.20
1931,5,3.10
1932,5,2.90
1933,5,2.65
1934,5,2.25
1935,5,1.85
1936,5,1.15
1937,5,1.15
1938,5,1.15
1939,5,3.35
1940,5,1.15
1941,5,1.15
1942,5,1.15
1943,5,1.15
1944,5,1.90
1945,5,6.00
1946,5,3.85
1947,5,4.30
1948,5,4.40
1949,5,3.90
1950,5,4.30
1951,5,2.20
1952,5,2.40
1953,5,5.20
1954,5,2.70
1955,5,3.55
1956,5,2.80
1957,5,2.65
1958,5,2.55
1959,5,2.45
1960,5,2.40
1961,5,2.35
1962,5,2.25
1963,5,2.10
1964,5,2.10
1965,5,2.10
1966,5,2.35
1967,5,2.50
1968,5,2.70
1969,5,2.80
1970,5,3.00
1971,5,3.15
1972,5,3.45
1973,5,3.65
1974,5,3.00
1975,5,3.65
1976,5,3.85
1977,5,3.55
1978,5,2.00
1979,5,3.45
1980,5,3.20
1981,5,3.15
1982,5,2.90
1983,5,2.70
1984,5,2.35
1985,5,2.00
1986,5,1.15
1987,5,1.15
1988,5,1.15
1989,5,1.15
1990,5,3.35
1991,5,1.15
1992,5,1.15
1993,5,1.15
1994,5,1.80
1995,5,6.05
1996,5,3.90
1997,5,4.30
1998,5,4.45
1999,5,3.95
2000,5,4.35
2001,5,2.15
2002,5,2.35
2003,5,5.15
2004,5,2.65
2005,5,3.55
2006,5,2.80
2007,5,2.70
2008,5,2.60
2009,5,2.50
2010,5,2.45
2011,5,2.40
2012,5,2.30
2013,5,2.20
2014,5,2.20
2015,5,2.20
2016,5,2.45
2017,5,2.55
2018,5,2.70
2019,5,2.85
2020,5,3.00
2021,5,3.20
2022,5,3.50
2023,5,3.70
2024,5,3.00
2025,5,3.65
2026,5,3.90
2027,5,3.60
2028,5,1.95
2029,5,3.50
2030,5,3.25
2031,5,3.15
2032,5,2.95
2033,5,2.75
2034,5,2.40
2035,5,2.05
2036,5,1.15
2037,5,1.15
2038,5,1.15
2039,5,1.15
2040,5,1.15
2041,5,3.35
2042,5,1.15
2043,5,1.15
2044,5,1.80
2045,5,6.10
2046,5,3.95
2047,5,4.35
2048,5,4.50
2049,5,4.00
2050,5,4.35
2051,5,2.00
2052,5,2.20
2053,5,5.00
2054,5,2.50
2055,5,3.65
2056,5,2.90
2057,5,2.75
2058,5,2.70
2059,5,2.55
2060,5,2.55
2061,5,2.50
2062,5,2.40
2063,5,2.30
2064,5,2.30
2065,5,2.30
2066,5,2.50
2067,5,2.60
2068,5,2.80
2069,5,2.95
2070,5,3.10
2071,5,3.30
2072,5,3.55
2073,5,3.75
2074,5,3.10
2075,5,3.75
2076,5,4.00
2077,5,3.70
2078,5,1.90
2079,5,3.55
2080,5,3.35
2081,5,3.25
2082,5,3.05
2083,5,2.80
2084,5,2.50
2085,5,2.20
2086,5,1.15
2087,5,1.15
2088,5,1.15
2089,5,1.15
2090,5,1.15
2091,5,1.15
2092,5,3.35
2093,5,1.15
2094,5,1.80
2095,5,6.15
2096,5,4.00
2097,5,4.45
2098,5,4.60
2099,5,4.10
2100,5,4.45
2101,5,1.90
2102,5,2.15
2103,5,4.95
2104,5,2.45
2105,5,3.70
2106,5,2.95
2107,5,2.80
2108,5,2.70
2109,5,2.60
2110,5,2.60
2111,5,2.55
2112,5,2.45
2113,5,2.40
2114,5,2.40
2115,5,2.40
2116,5,2.55
2117,5,2.65
2118,5,2.85
2119,5,3.00
2120,5,3.15
2121,5,3.30
2122,5,3.60
2123,5,3.80
2124,5,3.15
2125,5,3.80
2126,5,4.05
2127,5,3.75
2128,5,1.90
2129,5,3.60
2130,5,3.35
2131,5,3.30
2132,5,3.05
2133,5,2.85
2134,5,2.55
2135,5,2.30
2136,5,1.15
2137,5,1.15
2138,5,1.15
2139,5,1.15
2140,5,1.15
2141,5,1.15
2142,5,1.15
2143,5,3.35
2144,5,1.80
2145,5,6.20
2146,5,4.05
2147,5,4.50
2148,5,4.60
2149,5,4.10
2150,5,4.50
2151,5,1.90
2152,5,1.90
2153,5,4.80
2154,5,2.30
2155,5,3.75
2156,5,3.00
2157,5,2.90
2158,5,2.80
2159,5,2.70
2160,5,2.65
2161,5,2.60
2162,5,2.55
2163,5,2.45
2164,5,2.45
2165,5,2.45
2166,5,2.65
2167,5,2.75
2168,5,2.90
2169,5,3.05
2170,5,3.20
2171,5,3.40
2172,5,3.70
2173,5,3.90
2174,5,3.20
2175,5,3.85
2176,5,4.10
2177,5,3.80
2178,5,1.90
2179,5,3.70
2180,5,3.45
2181,5,3.35
2182,5,3.15
2183,5,2.95
2184,5,2.60
2185,5,2.45
2186,5,1.90
2187,5,1.90
2188,5,1.90
2189,5,1.90
2190,5,1.80
2191,5,1.80
2192,5,1.80
2193,5,1.80
2194,5,3.35
2195,5,6.30
2196,5,4.15
2197,5,4.55
2198,5,4.70
2199,5,4.20
2200,5,4.55
2201,5,6.40
2202,5,6.55
2203,5,9.25
2204,5,6.70
2205,5,5.75
2206,5,5.55
2207,5,5.40
2208,5,5.30
2209,5,5.15
2210,5,5.05
2211,5,4.95
2212,5,4.85
2213,5,4.65
2214,5,4.65
2215,5,4.65
2216,5,4.65
2217,5,3.55
2218,5,4.65
2219,5,4.65
2220,5,5.05
2221,5,5.30
2222,5,5.65
2223,5,5.85
2224,5,5.05
2225,5,5.85
2226,5,6.55
2227,5,6.25
2228,5,6.25
2229,5,6.10
2230,5,5.85
2231,5,5.80
2232,5,5.55
2233,5,5.35
2234,5,4.85
2235,5,4.80
2236,5,6.00
2237,5,6.00
2238,5,6.00
2239,5,6.00
2240,5,6.05
2241,5,6.10
2242,5,6.15
2243,5,6.20
2244,5,6.30
2245,5,3.35
2246,5,6.10
2247,5,6.55
2248,5,6.70
2249,5,6.60
2250,5,7.00
2251,5,4.20
2252,5,4.35
2253,5,7.10
2254,5,4.55
2255,5,3.00
2256,5,3.40
2257,5,3.25
2258,5,3.15
2259,5,3.05
2260,5,3.00
2261,5,2.95
2262,5,2.90
2263,5,2.85
2264,5,2.85
2265,5,2.85
2266,5,2.70
2267,5,2.55
2268,5,2.40
2269,5,2.25
2270,5,2.10
2271,5,1.15
2272,5,1.15
2273,5,1.15
2274,5,2.45
2275,5,3.10
2276,5,4.35
2277,5,4.05
2278,5,4.10
2279,5,3.95
2280,5,3.70
2281,5,3.65
2282,5,3.40
2283,5,3.20
2284,5,2.90
2285,5,2.90
2286,5,3.85
2287,5,3.85
2288,5,3.85
2289,5,3.85
2290,5,3.90
2291,5,3.95
2292,5,4.00
2293,5,4.05
2294,5,4.15
2295,5,6.10
2296,5,3.35
2297,5,1.40
2298,5,1.65
2299,5,4.45
2300,5,4.85
2301,5,4.65
2302,5,4.80
2303,5,7.50
2304,5,5.00
2305,5,3.40
2306,5,3.80
2307,5,3.70
2308,5,3.60
2309,5,3.45
2310,5,3.45
2311,5,3.40
2312,5,3.30
2313,5,3.25
2314,5,3.25
2315,5,3.25
2316,5,3.10
2317,5,3.00
2318,5,2.85
2319,5,2.70
2320,5,2.55
2321,5,2.35
2322,5,2.05
2323,5,1.80
2324,5,2.85
2325,5,3.50
2326,5,4.80
2327,5,4.50
2328,5,4.55
2329,5,4.35
2330,5,4.15
2331,5,4.05
2332,5,3.85
2333,5,3.60
2334,5,3.30
2335,5,3.30
2336,5,4.30
2337,5,4.30
2338,5,4.30
2339,5,4.30
2340,5,4.30
2341,5,4.35
2342,5,4.45
2343,5,4.50
2344,5,4.55
2345,5,6.55
2346,5,1.40
2347,5,3.35
2348,5,1.15
2349,5,4.90
2350,5,5.25
2351,5,4.80
2352,5,4.95
2353,5,7.65
2354,5,5.15
2355,5,3.55
2356,5,3.95
2357,5,3.85
2358,5,3.70
2359,5,3.60
2360,5,3.60
2361,5,3.55
2362,5,3.45
2363,5,3.40
2364,5,3.40
2365,5,3.40
2366,5,3.25
2367,5,3.15
2368,5,2.95
2369,5,2.85
2370,5,2.65
2371,5,2.50
2372,5,2.20
2373,5,2.00
2374,5,3.00
2375,5,3.65
2376,5,4.95
2377,5,4.65
2378,5,4.70
2379,5,4.50
2380,5,4.30
2381,5,4.20
2382,5,4.00
2383,5,3.75
2384,5,3.45
2385,5,3.45
2386,5,4.40
2387,5,4.40
2388,5,4.40
2389,5,4.40
2390,5,4.45
2391,5,4.50
2392,5,4.60
2393,5,4.60
2394,5,4.70
2395,5,6.70
2396,5,1.65
2397,5,1.15
2398,5,3.35
2399,5,5.05
2400,5,5.40
2401,5,4.30
2402,5,4.45
2403,5,7.15
2404,5,4.65
2405,5,4.10
2406,5,3.25
2407,5,3.10
2408,5,3.05
2409,5,2.90
2410,5,2.90
2411,5,2.85
2412,5,2.85
2413,5,2.90
2414,5,2.90
2415,5,2.90
2416,5,2.95
2417,5,3.10
2418,5,3.25
2419,5,3.40
2420,5,3.55
2421,5,3.75
2422,5,4.00
2423,5,4.20
2424,5,3.55
2425,5,4.20
2426,5,1.15
2427,5,1.15
2428,5,4.20
2429,5,1.15
2430,5,1.95
2431,5,2.05
2432,5,2.25
2433,5,2.45
2434,5,2.80
2435,5,2.95
2436,5,3.90
2437,5,3.90
2438,5,3.90
2439,5,3.90
2440,5,3.95
2441,5,4.00
2442,5,4.10
2443,5,4.10
2444,5,4.20
2445,5,6.60
2446,5,4.45
2447,5,4.90
2448,5,5.05
2449,5,3.35
2450,5,1.15
2451,5,4.65
2452,5,4.80
2453,5,7.55
2454,5,5.00
2455,5,4.50
2456,5,3.60
2457,5,3.50
2458,5,3.40
2459,5,3.30
2460,5,3.25
2461,5,3.25
2462,5,3.25
2463,5,3.25
2464,5,3.25
2465,5,3.25
2466,5,3.35
2467,5,3.45
2468,5,3.60
2469,5,3.75
2470,5,3.90
2471,5,4.10
2472,5,4.40
2473,5,4.60
2474,5,3.95
2475,5,4.55
2476,5,1.15
2477,5,1.95
2478,5,4.55
2479,5,2.05
2480,5,2.30
2481,5,2.40
2482,5,2.60
2483,5,2.85
2484,5,3.15
2485,5,3.35
2486,5,4.30
2487,5,4.30
2488,5,4.30
2489,5,4.30
2490,5,4.35
2491,5,4.35
2492,5,4.45
2493,5,4.50
2494,5,4.55
2495,5,7.00
2496,5,4.85
2497,5,5.25
2498,5,5.40
2499,5,1.15
2500,5,3.35
1,2,2.50
2,2,1.40
3,2,3.35
4,2,1.40
5,2,2.90
6,2,2.30
7,2,2.25
8,2,2.15
9,2,2.10
10,2,2.05
11,2,2.00
12,2,1.95
13,2,1.90
14,2,1.90
15,2,1.90
16,2,2.05
17,2,2.10
18,2,2.25
19,2,2.35
20,2,2.45
21,2,2.60
22,2,2.80
23,2,2.95
24,2,2.45
25,2,2.95
26,2,3.15
27,2,2.90
28,2,1.40
29,2,2.85
30,2,2.65
31,2,2.60
32,2,2.40
33,2,2.25
34,2,2.00
35,2,1.85
36,2,1.70
37,2,1.70
38,2,1.70
39,2,1.70
40,2,1.65
41,2,1.60
42,2,1.50
43,2,1.40
44,2,1.40
45,2,4.80
46,2,3.15
47,2,3.45
48,2,3.60
49,2,3.20
50,2,3.50
51,2,1.40
52,2,2.50
53,2,3.35
54,2,1.40
55,2,3.00
56,2,2.45
57,2,2.35
58,2,2.25
59,2,2.20
60,2,2.15
61,2,2.10
62,2,2.05
63,2,2.00
64,2,2.00
65,2,2.00
66,2,2.15
67,2,2.25
68,2,2.35
69,2,2.45
70,2,2.60
71,2,2.70
72,2,2.90
73,2,3.05
74,2,2.60
75,2,3.05
76,2,3.25
77,2,3.00
78,2,1.40
79,2,2.95
80,2,2.75
81,2,2.70
82,2,2.55
83,2,2.35
84,2,2.15
85,2,2.00
86,2,1.85
87,2,1.85
88,2,1.85
89,2,1.85
90,2,1.80
91,2,1.75
92,2,1.65
93,2,1.60
94,2,1.40
95,2,4.90
96,2,3.25
97,2,3.60
98,2,3.70
99,2,3.30
100,2,3.60
101,2,3.35
102,2,3.35
103,2,2.50
104,2,1.95
105,2,5.05
106,2,4.50
107,2,4.40
108,2,4.30
109,2,4.25
110,2,4.20
111,2,4.15
112,2,4.10
113,2,4.05
114,2,4.05
115,2,4.05
116,2,4.20
117,2,4.25
118,2,4.40
119,2,4.50
120,2,4.65
121,2,4.75
122,2,4.95
123,2,5.10
124,2,4.65
125,2,5.10
126,2,5.30
127,2,5.05
128,2,3.50
129,2,5.00
130,2,4.80
131,2,4.75
132,2,4.55
133,2,4.40
134,2,4.15
135,2,4.05
136,2,3.95
137,2,3.95
138,2,3.95
139,2,3.95
140,2,3.90
141,2,3.85
142,2,3.75
143,2,3.70
144,2,3.60
145,2,6.95
146,2,5.30
147,2,5.60
148,2,5.75
149,2,5.35
150,2,5.65
151,2,1.40
152,2,1.40
153,2,1.95
154,2,2.50
155,2,3.15
156,2,2.60
157,2,2.50
158,2,2.40
159,2,2.30
160,2,2.30
161,2,2.25
162,2,2.20
163,2,2.15
164,2,2.15
165,2,2.15
166,2,2.30
167,2,2.40
168,2,2.50
169,2,2.60
170,2,2.75
171,2,2.85
172,2,3.05
173,2,3.20
174,2,2.75
175,2,3.20
176,2,3.40
177,2,3.15
178,2,1.65
179,2,3.10
180,2,2.90
181,2,2.85
182,2,2.70
183,2,2.50
184,2,2.25
185,2,2.15
186,2,2.05
187,2,2.05
188,2,2.05
189,2,2.05
190,2,2.00
191,2,2.00
192,2,1.85
193,2,1.80
194,2,1.70
195,2,5.00
196,2,3.40
197,2,3.75
198,2,3.85
199,2,3.45
200,2,3.75
201,2,2.90
202,2,3.00
203,2,5.05
204,2,3.15
205,2,2.50
206,2,2.25
207,2,2.15
208,2,2.10
209,2,2.00
210,2,2.00
211,2,1.95
212,2,1.90
213,2,1.85
214,2,1.85
215,2,1.85
216,2,1.75
217,2,1.65
218,2,1.55
219,2,0.85
220,2,1.55
221,2,1.65
222,2,1.90
223,2,2.05
224,2,0.85
225,2,0.85
226,2,3.00
227,2,2.75
228,2,2.80
229,2,2.70
230,2,2.50
231,2,2.45
232,2,2.30
233,2,2.10
234,2,1.90
235,2,1.90
236,2,2.60
237,2,2.60
238,2,2.60
239,2,2.60
240,2,2.65
241,2,2.65
242,2,2.75
243,2,2.75
244,2,2.80
245,2,4.30
246,2,2.25
247,2,2.55
248,2,2.65
249,2,3.05
250,2,3.35
251,2,2.30
252,2,2.45
253,2,4.50
254,2,2.60
255,2,2.25
256,2,2.50
257,2,0.85
258,2,0.85
259,2,0.85
260,2,0.85
261,2,0.85
262,2,1.15
263,2,1.25
264,2,1.25
265,2,1.25
266,2,1.40
267,2,1.50
268,2,1.60
269,2,1.70
270,2,1.85
271,2,1.95
272,2,2.20
273,2,2.30
274,2,1.85
275,2,2.30
276,2,2.35
277,2,2.10
278,2,2.25
279,2,2.05
280,2,1.85
281,2,1.80
282,2,1.65
283,2,1.45
284,2,1.20
285,2,1.35
286,2,2.05
287,2,2.05
288,2,2.05
289,2,2.05
290,2,2.10
291,2,2.10
292,2,2.15
293,2,2.20
294,2,2.25
295,2,4.15
296,2,2.55
297,2,2.85
298,2,2.95
299,2,2.40
300,2,2.70
301,2,2.25
302,2,2.35
303,2,4.40
304,2,2.50
305,2,2.15
306,2,0.85
307,2,2.50
308,2,0.85
309,2,0.85
310,2,0.85
311,2,0.85
312,2,1.00
313,2,1.10
314,2,1.10
315,2,1.10
316,2,1.30
317,2,1.40
318,2,1.50
319,2,1.65
320,2,1.75
321,2,1.85
322,2,2.10
323,2,2.25
324,2,1.75
325,2,2.25
326,2,2.25
327,2,2.05
328,2,2.15
329,2,1.95
330,2,1.75
331,2,1.70
332,2,1.55
333,2,1.40
334,2,1.05
335,2,1.20
336,2,1.95
337,2,1.95
338,2,1.95
339,2,1.95
340,2,2.00
341,2,2.00
342,2,2.05
343,2,2.10
344,2,2.15
345,2,4.05
346,2,2.45
347,2,2.75
348,2,2.85
349,2,2.30
350,2,2.60
351,2,2.15
352,2,2.25
353,2,4.30
354,2,2.40
355,2,2.10
356,2,0.85
357,2,0.85
358,2,2.50
359,2,0.85
360,2,0.85
361,2,0.85
362,2,0.90
363,2,0.95
364,2,0.95
365,2,0.95
366,2,1.20
367,2,1.30
368,2,1.45
369,2,1.55
370,2,1.70
371,2,1.80
372,2,2.00
373,2,2.15
374,2,1.65
375,2,2.15
376,2,2.20
377,2,1.95
378,2,2.10
379,2,1.85
380,2,1.70
381,2,1.65
382,2,1.50
383,2,1.25
384,2,0.90
385,2,1.05
386,2,1.85
387,2,1.85
388,2,1.85
389,2,1.85
390,2,1.90
391,2,1.95
392,2,2.00
393,2,2.00
394,2,2.10
395,2,3.95
396,2,2.35
397,2,2.70
398,2,2.75
399,2,2.25
400,2,2.55
401,2,2.10
402,2,2.20
403,2,4.25
404,2,2.30
405,2,2.00
406,2,0.85
407,2,0.85
408,2,0.85
409,2,2.50
410,2,0.85
411,2,0.85
412,2,0.85
413,2,0.85
414,2,0.85
415,2,0.85
416,2,1.05
417,2,1.20
418,2,1.35
419,2,1.45
420,2,1.60
421,2,1.70
422,2,1.95
423,2,2.10
424,2,1.60
425,2,2.10
426,2,2.10
427,2,1.85
428,2,2.00
429,2,1.80
430,2,1.60
431,2,1.55
432,2,1.40
433,2,1.10
434,2,0.85
435,2,0.90
436,2,1.80
437,2,1.80
438,2,1.80
439,2,1.80
440,2,1.85
441,2,1.85
442,2,1.90
443,2,1.95
444,2,2.00
445,2,3.85
446,2,2.25
447,2,2.60
448,2,2.70
449,2,2.15
450,2,2.45
451,2,2.05
452,2,2.15
453,2,4.20
454,2,2.30
455,2,2.00
456,2,0.85
457,2,0.85
458,2,0.85
459,2,0.85
460,2,2.50
461,2,0.85
462,2,0.85
463,2,0.85
464,2,0.85
465,2,0.85
466,2,1.00
467,2,1.10
468,2,1.35
469,2,1.45
470,2,1.55
471,2,1.70
472,2,1.90
473,2,2.05
474,2,1.55
475,2,2.05
476,2,2.10
477,2,1.85
478,2,1.95
479,2,1.75
480,2,1.60
481,2,1.50
482,2,1.35
483,2,1.05
484,2,0.85
485,2,0.85
486,2,1.75
487,2,1.75
488,2,1.75
489,2,1.75
490,2,1.80
491,2,1.80
492,2,1.90
493,2,1.95
494,2,1.95
495,2,3.80
496,2,2.25
497,2,2.55
498,2,2.70
499,2,2.15
500,2,2.45
501,2,2.00
502,2,2.10
503,2,4.15
504,2,2.25
505,2,1.95
506,2,0.85
507,2,0.85
508,2,0.85
509,2,0.85
510,2,0.85
511,2,2.50
512,2,0.85
513,2,0.85
514,2,0.85
515,2,0.85
516,2,0.90
517,2,1.05
518,2,1.25
519,2,1.40
520,2,1.55
521,2,1.65
522,2,1.85
523,2,2.00
524,2,1.55
525,2,2.00
526,2,2.05
527,2,1.85
528,2,1.95
529,2,1.75
530,2,1.55
531,2,1.50
532,2,1.25
533,2,1.00
534,2,0.85
535,2,0.85
536,2,1.70
537,2,1.70
538,2,1.70
539,2,1.70
540,2,1.75
541,2,1.80
542,2,1.85
543,2,1.90
544,2,1.95
545,2,3.70
546,2,2.20
547,2,2.55
548,2,2.65
549,2,2.15
550,2,2.40
551,2,1.95
552,2,2.05
553,2,4.10
554,2,2.20
555,2,1.90
556,2,1.15
557,2,1.00
558,2,0.90
559,2,0.85
560,2,0.85
561,2,0.85
562,2,2.50
563,2,0.85
564,2,0.85
565,2,0.85
566,2,0.85
567,2,0.95
568,2,1.20
569,2,1.35
570,2,1.50
571,2,1.60
572,2,1.80
573,2,1.95
574,2,1.50
575,2,1.95
576,2,2.05
577,2,1.85
578,2,1.85
579,2,1.75
580,2,1.55
581,2,1.50
582,2,1.25
583,2,0.85
584,2,0.85
585,2,0.85
586,2,1.60
587,2,1.60
588,2,1.60
589,2,1.60
590,2,1.65
591,2,1.70
592,2,1.80
593,2,1.85
594,2,1.90
595,2,3.60
596,2,2.15
597,2,2.45
598,2,2.60
599,2,2.15
600,2,2.40
601,2,1.90
602,2,2.00
603,2,4.05
604,2,2.15
605,2,1.85
606,2,1.25
607,2,1.10
608,2,0.95
609,2,0.85
610,2,0.85
611,2,0.85
612,2,0.85
613,2,2.50
614,2,0.85
615,2,0.85
616,2,0.85
617,2,0.85
618,2,1.05
619,2,1.25
620,2,1.45
621,2,1.55
622,2,1.80
623,2,1.95
624,2,1.45
625,2,1.95
626,2,2.10
627,2,1.85
628,2,1.85
629,2,1.75
630,2,1.60
631,2,1.50
632,2,1.30
633,2,1.05
634,2,0.85
635,2,0.85
636,2,1.50
637,2,1.50
638,2,1.50
639,2,1.50
640,2,1.55
641,2,1.65
642,2,1.70
643,2,1.80
644,2,1.85
645,2,3.50
646,2,2.10
647,2,2.45
648,2,2.55
649,2,2.15
650,2,2.45
651,2,1.90
652,2,2.00
653,2,4.05
654,2,2.15
655,2,1.85
656,2,1.25
657,2,1.10
658,2,0.95
659,2,0.85
660,2,0.85
661,2,0.85
662,2,0.85
663,2,0.85
664,2,2.50
665,2,0.85
666,2,0.85
667,2,0.85
668,2,1.05
669,2,1.25
670,2,1.45
671,2,1.55
672,2,1.80
673,2,1.95
674,2,1.45
675,2,1.95
676,2,2.10
677,2,1.85
678,2,1.85
679,2,1.75
680,2,1.60
681,2,1.50
682,2,1.30
683,2,1.05
684,2,0.85
685,2,0.85
686,2,1.50
687,2,1.50
688,2,1.50
689,2,1.50
690,2,1.55
691,2,1.65
692,2,1.70
693,2,1.80
694,2,1.85
695,2,3.50
696,2,2.10
697,2,2.45
698,2,2.55
699,2,2.15
700,2,2.45
701,2,1.90
702,2,2.00
703,2,4.05
704,2,2.15
705,2,1.85
706,2,1.25
707,2,1.10
708,2,0.95
709,2,0.85
710,2,0.85
711,2,0.85
712,2,0.85
713,2,0.85
714,2,0.85
715,2,2.50
716,2,0.85
717,2,0.85
718,2,1.05
719,2,1.25
720,2,1.45
721,2,1.55
722,2,1.80
723,2,1.95
724,2,1.45
725,2,1.95
726,2,2.10
727,2,1.85
728,2,1.85
729,2,1.75
730,2,1.60
731,2,1.50
732,2,1.30
733,2,1.05
734,2,0.85
735,2,0.85
736,2,1.50
737,2,1.50
738,2,1.50
739,2,1.50
740,2,1.55
741,2,1.65
742,2,1.70
743,2,1.80
744,2,1.85
745,2,3.50
746,2,2.10
747,2,2.45
748,2,2.55
749,2,2.15
750,2,2.45
751,2,2.05
752,2,2.15
753,2,4.20
754,2,2.30
755,2,1.75
756,2,1.40
757,2,1.30
758,2,1.20
759,2,1.05
760,2,1.00
761,2,0.90
762,2,0.85
763,2,0.85
764,2,0.85
765,2,0.85
766,2,2.50
767,2,0.85
768,2,0.85
769,2,1.05
770,2,1.25
771,2,1.45
772,2,1.65
773,2,1.80
774,2,1.25
775,2,1.80
776,2,2.15
777,2,1.90
778,2,1.95
779,2,1.85
780,2,1.65
781,2,1.60
782,2,1.40
783,2,1.20
784,2,0.85
785,2,0.85
786,2,1.70
787,2,1.70
788,2,1.70
789,2,1.70
790,2,1.75
791,2,1.80
792,2,1.85
793,2,1.90
794,2,1.95
795,2,3.50
796,2,2.00
797,2,2.30
798,2,2.45
799,2,2.20
800,2,2.50
801,2,2.10
802,2,2.25
803,2,4.25
804,2,2.40
805,2,1.65
806,2,1.50
807,2,1.40
808,2,1.30
809,2,1.20
810,2,1.10
811,2,1.05
812,2,0.95
813,2,0.85
814,2,0.85
815,2,0.85
816,2,0.85
817,2,2.50
818,2,0.85
819,2,0.85
820,2,1.10
821,2,1.30
822,2,1.55
823,2,1.70
824,2,1.10
825,2,1.70
826,2,2.25
827,2,2.00
828,2,2.05
829,2,1.90
830,2,1.75
831,2,1.65
832,2,1.50
833,2,1.35
834,2,1.00
835,2,0.95
836,2,1.85
837,2,1.85
838,2,1.85
839,2,1.85
840,2,1.85
841,2,1.90
842,2,1.95
843,2,2.00
844,2,2.05
845,2,2.65
846,2,1.90
847,2,2.25
848,2,2.35
849,2,2.30
850,2,2.60
851,2,2.25
852,2,2.35
853,2,4.40
854,2,2.50
855,2,1.55
856,2,1.60
857,2,1.50
858,2,1.45
859,2,1.35
860,2,1.35
861,2,1.25
862,2,1.20
863,2,1.05
864,2,1.05
865,2,1.05
866,2,0.85
867,2,0.85
868,2,2.50
869,2,0.85
870,2,0.85
871,2,1.10
872,2,1.40
873,2,1.60
874,2,0.85
875,2,1.60
876,2,2.35
877,2,2.15
878,2,2.15
879,2,2.05
880,2,1.85
881,2,1.80
882,2,1.65
883,2,1.50
884,2,1.20
885,2,1.15
886,2,1.95
887,2,1.95
888,2,1.95
889,2,1.95
890,2,2.00
891,2,2.00
892,2,2.10
893,2,2.10
894,2,2.15
895,2,3.50
896,2,1.80
897,2,2.10
898,2,2.20
899,2,2.45
900,2,2.70
901,2,2.35
902,2,2.45
903,2,4.50
904,2,2.60
905,2,0.85
906,2,1.70
907,2,1.65
908,2,1.55
909,2,1.45
910,2,1.45
911,2,1.40
912,2,1.35
913,2,1.25
914,2,1.25
915,2,1.25
916,2,1.05
917,2,0.85
918,2,0.85
919,2,2.50
920,2,0.85
921,2,0.85
922,2,0.85
923,2,0.85
924,2,0.85
925,2,0.85
926,2,2.45
927,2,2.25
928,2,2.25
929,2,2.15
930,2,1.95
931,2,1.90
932,2,1.75
933,2,1.55
934,2,1.35
935,2,1.30
936,2,2.10
937,2,2.10
938,2,2.10
939,2,2.10
940,2,2.10
941,2,2.15
942,2,2.20
943,2,2.25
944,2,2.30
945,2,3.50
946,2,1.70
947,2,2.00
948,2,2.10
949,2,2.55
950,2,2.80
951,2,2.45
952,2,2.60
953,2,4.65
954,2,2.75
955,2,1.55
956,2,1.85
957,2,1.75
958,2,1.70
959,2,1.60
960,2,1.55
961,2,1.55
962,2,1.50
963,2,1.45
964,2,1.45
965,2,1.45
966,2,1.25
967,2,1.10
968,2,0.85
969,2,0.85
970,2,2.50
971,2,0.85
972,2,0.85
973,2,0.85
974,2,0.85
975,2,1.60
976,2,2.60
977,2,2.35
978,2,2.40
979,2,2.25
980,2,2.10
981,2,2.00
982,2,1.85
983,2,1.70
984,2,1.50
985,2,1.50
986,2,2.20
987,2,2.20
988,2,2.20
989,2,2.20
990,2,2.25
991,2,2.25
992,2,2.30
993,2,2.35
994,2,2.40
995,2,3.75
996,2,1.55
997,2,1.90
998,2,2.00
999,2,2.65
1000,2,2.90
1001,2,2.60
1002,2,2.70
1003,2,4.75
1004,2,2.85
1005,2,1.65
1006,2,1.95
1007,2,1.85
1008,2,1.80
1009,2,1.70
1010,2,1.70
1011,2,1.65
1012,2,1.60
1013,2,1.55
1014,2,1.55
1015,2,1.55
1016,2,1.45
1017,2,1.30
1018,2,1.10
1019,2,0.85
1020,2,0.85
1021,2,2.50
1022,2,0.85
1023,2,0.85
1024,2,1.15
1025,2,1.75
1026,2,2.70
1027,2,2.50
1028,2,2.55
1029,2,2.40
1030,2,2.25
1031,2,2.15
1032,2,2.00
1033,2,1.85
1034,2,1.60
1035,2,1.60
1036,2,2.30
1037,2,2.30
1038,2,2.30
1039,2,2.30
1040,2,2.35
1041,2,2.40
1042,2,2.45
1043,2,2.45
1044,2,2.55
1045,2,3.95
1046,2,0.85
1047,2,1.75
1048,2,1.85
1049,2,2.80
1050,2,3.05
1051,2,2.80
1052,2,2.90
1053,2,4.95
1054,2,3.05
1055,2,1.90
1056,2,2.20
1057,2,2.10
1058,2,2.00
1059,2,1.95
1060,2,1.90
1061,2,1.85
1062,2,1.80
1063,2,1.80
1064,2,1.80
1065,2,1.80
1066,2,1.65
1067,2,1.55
1068,2,1.40
1069,2,0.85
1070,2,0.85
1071,2,0.85
1072,2,2.50
1073,2,0.85
1074,2,1.45
1075,2,1.95
1076,2,2.90
1077,2,2.70
1078,2,2.75
1079,2,2.60
1080,2,2.45
1081,2,2.35
1082,2,2.20
1083,2,2.05
1084,2,1.80
1085,2,1.80
1086,2,2.55
1087,2,2.55
1088,2,2.55
1089,2,2.55
1090,2,2.55
1091,2,2.60
1092,2,2.65
1093,2,2.70
1094,2,2.75
1095,2,4.25
1096,2,0.85
1097,2,1.55
1098,2,1.65
1099,2,3.00
1100,2,3.30
1101,2,2.95
1102,2,3.05
1103,2,5.10
1104,2,3.20
1105,2,2.05
1106,2,2.30
1107,2,2.25
1108,2,2.15
1109,2,2.10
1110,2,2.05
1111,2,2.00
1112,2,1.95
1113,2,1.95
1114,2,1.95
1115,2,1.95
1116,2,1.80
1117,2,1.70
1118,2,1.60
1119,2,0.85
1120,2,0.85
1121,2,0.85
1122,2,0.85
1123,2,2.50
1124,2,1.65
1125,2,2.10
1126,2,3.05
1127,2,2.85
1128,2,2.90
1129,2,2.75
1130,2,2.60
1131,2,2.50
1132,2,2.35
1133,2,2.20
1134,2,1.95
1135,2,1.95
1136,2,2.70
1137,2,2.70
1138,2,2.70
1139,2,2.70
1140,2,2.70
1141,2,2.75
1142,2,2.80
1143,2,2.85
1144,2,2.90
1145,2,4.40
1146,2,0.85
1147,2,1.35
1148,2,1.50
1149,2,3.15
1150,2,3.45
1151,2,2.45
1152,2,2.60
1153,2,4.65
1154,2,2.75
1155,2,0.85
1156,2,1.85
1157,2,1.75
1158,2,1.65
1159,2,1.60
1160,2,1.55
1161,2,1.55
1162,2,1.50
1163,2,1.45
1164,2,1.45
1165,2,1.45
1166,2,1.25
1167,2,1.10
1168,2,0.85
1169,2,0.85
1170,2,0.85
1171,2,1.15
1172,2,1.45
1173,2,1.65
1174,2,2.50
1175,2,0.85
1176,2,2.60
1177,2,2.35
1178,2,2.40
1179,2,2.25
1180,2,2.10
1181,2,2.00
1182,2,1.85
1183,2,1.70
1184,2,1.50
1185,2,1.50
1186,2,2.20
1187,2,2.20
1188,2,2.20
1189,2,2.20
1190,2,2.25
1191,2,2.25
1192,2,2.30
1193,2,2.35
1194,2,2.40
1195,2,3.75
1196,2,1.80
1197,2,2.15
1198,2,2.25
1199,2,2.65
1200,2,2.95
1201,2,2.95
1202,2,3.05
1203,2,5.10
1204,2,3.20
1205,2,0.85
1206,2,2.30
1207,2,2.25
1208,2,2.15
1209,2,2.10
1210,2,2.05
1211,2,2.00
1212,2,1.95
1213,2,1.95
1214,2,1.95
1215,2,1.95
1216,2,1.80
1217,2,1.70
1218,2,1.60
1219,2,0.85
1220,2,1.60
1221,2,1.75
1222,2,1.95
1223,2,2.10
1224,2,0.85
1225,2,2.50
1226,2,3.05
1227,2,2.85
1228,2,2.90
1229,2,2.75
1230,2,2.55
1231,2,2.50
1232,2,2.35
1233,2,2.20
1234,2,1.95
1235,2,1.95
1236,2,2.70
1237,2,2.70
1238,2,2.70
1239,2,2.70
1240,2,2.70
1241,2,2.75
1242,2,2.80
1243,2,2.85
1244,2,2.90
1245,2,4.40
1246,2,2.30
1247,2,2.60
1248,2,2.70
1249,2,3.15
1250,2,3.40
1251,2,3.15
1252,2,3.25
1253,2,5.30
1254,2,3.40
1255,2,3.00
1256,2,2.35
1257,2,2.25
1258,2,2.20
1259,2,2.10
1260,2,2.10
1261,2,2.05
1262,2,2.05
1263,2,2.10
1264,2,2.10
1265,2,2.10
1266,2,2.15
1267,2,2.25
1268,2,2.35
1269,2,2.45
1270,2,2.60
1271,2,2.70
1272,2,2.90
1273,2,3.05
1274,2,2.60
1275,2,3.05
1276,2,2.50
1277,2,0.85
1278,2,3.05
1279,2,0.85
1280,2,0.85
1281,2,0.85
1282,2,1.60
1283,2,1.75
1284,2,2.00
1285,2,2.15
1286,2,2.85
1287,2,2.85
1288,2,2.85
1289,2,2.85
1290,2,2.90
1291,2,2.90
1292,2,3.00
1293,2,3.00
1294,2,3.05
1295,2,4.90
1296,2,3.25
1297,2,3.60
1298,2,3.70
1299,2,0.85
1300,2,0.85
1301,2,2.90
1302,2,3.00
1303,2,5.05
1304,2,3.15
1305,2,2.75
1306,2,2.10
1307,2,2.05
1308,2,1.95
1309,2,1.85
1310,2,1.85
1311,2,1.85
1312,2,1.85
1313,2,1.85
1314,2,1.85
1315,2,1.85
1316,2,1.90
1317,2,2.00
1318,2,2.15
1319,2,2.25
1320,2,2.35
1321,2,2.50
1322,2,2.70
1323,2,2.85
1324,2,2.35
1325,2,2.85
1326,2,0.85
1327,2,2.50
1328,2,2.85
1329,2,0.85
1330,2,0.85
1331,2,0.85
1332,2,1.30
1333,2,1.55
1334,2,1.80
1335,2,1.90
1336,2,2.65
1337,2,2.65
1338,2,2.65
1339,2,2.65
1340,2,2.65
1341,2,2.70
1342,2,2.75
1343,2,2.80
1344,2,2.85
1345,2,4.65
1346,2,3.05
1347,2,3.35
1348,2,3.45
1349,2,0.85
1350,2,1.45
1351,2,1.40
1352,2,1.40
1353,2,3.50
1354,2,1.65
1355,2,2.80
1356,2,2.25
1357,2,2.15
1358,2,2.10
1359,2,2.00
1360,2,1.95
1361,2,1.95
1362,2,1.85
1363,2,1.85
1364,2,1.85
1365,2,1.85
1366,2,1.95
1367,2,2.05
1368,2,2.15
1369,2,2.25
1370,2,2.40
1371,2,2.55
1372,2,2.75
1373,2,2.90
1374,2,2.40
1375,2,2.90
1376,2,3.05
1377,2,2.85
1378,2,2.50
1379,2,2.75
1380,2,2.55
1381,2,2.50
1382,2,2.35
1383,2,2.15
1384,2,1.95
1385,2,1.80
1386,2,1.55
1387,2,1.55
1388,2,1.55
1389,2,1.55
1390,2,1.50
1391,2,1.45
1392,2,1.40
1393,2,1.40
1394,2,1.40
1395,2,4.70
1396,2,3.05
1397,2,3.40
1398,2,3.50
1399,2,3.15
1400,2,3.40
1401,2,2.85
1402,2,2.95
1403,2,5.00
1404,2,3.10
1405,2,2.70
1406,2,2.05
1407,2,1.95
1408,2,1.85
1409,2,1.80
1410,2,1.75
1411,2,1.75
1412,2,1.75
1413,2,1.75
1414,2,1.75
1415,2,1.75
1416,2,1.85
1417,2,1.90
1418,2,2.05
1419,2,2.15
1420,2,2.25
1421,2,2.40
1422,2,2.60
1423,2,2.75
1424,2,2.25
1425,2,2.75
1426,2,0.85
1427,2,0.85
1428,2,2.75
1429,2,2.50
1430,2,0.85
1431,2,0.85
1432,2,0.85
1433,2,0.85
1434,2,1.70
1435,2,1.80
1436,2,2.55
1437,2,2.55
1438,2,2.55
1439,2,2.55
1440,2,2.60
1441,2,2.60
1442,2,2.65
1443,2,2.70
1444,2,2.75
1445,2,4.55
1446,2,2.95
1447,2,3.25
1448,2,3.35
1449,2,0.85
1450,2,1.55
1451,2,2.65
1452,2,2.75
1453,2,4.80
1454,2,2.90
1455,2,2.50
1456,2,1.85
1457,2,1.75
1458,2,1.70
1459,2,1.60
1460,2,1.60
1461,2,1.55
1462,2,1.55
1463,2,1.60
1464,2,1.60
1465,2,1.60
1466,2,1.65
1467,2,1.75
1468,2,1.85
1469,2,1.95
1470,2,2.10
1471,2,2.25
1472,2,2.45
1473,2,2.60
1474,2,2.10
1475,2,2.55
1476,2,0.85
1477,2,0.85
1478,2,2.55
1479,2,0.85
1480,2,2.50
1481,2,0.85
1482,2,0.85
1483,2,0.85
1484,2,1.50
1485,2,1.65
1486,2,2.40
1487,2,2.40
1488,2,2.40
1489,2,2.40
1490,2,2.40
1491,2,2.40
1492,2,2.50
1493,2,2.50
1494,2,2.55
1495,2,4.40
1496,2,2.75
1497,2,3.10
1498,2,3.20
1499,2,1.45
1500,2,1.70
1501,2,2.60
1502,2,2.70
1503,2,4.75
1504,2,2.85
1505,2,2.45
1506,2,1.80
1507,2,1.70
1508,2,1.65
1509,2,1.55
1510,2,1.50
1511,2,1.50
1512,2,1.50
1513,2,1.50
1514,2,1.50
1515,2,1.50
1516,2,1.60
1517,2,1.65
1518,2,1.80
1519,2,1.90
1520,2,2.00
1521,2,2.15
1522,2,2.35
1523,2,2.50
1524,2,2.00
1525,2,2.50
1526,2,0.85
1527,2,0.85
1528,2,2.50
1529,2,0.85
1530,2,0.85
1531,2,2.50
1532,2,0.85
1533,2,0.85
1534,2,1.40
1535,2,1.55
1536,2,2.30
1537,2,2.30
1538,2,2.30
1539,2,2.30
1540,2,2.35
1541,2,2.35
1542,2,2.40
1543,2,2.45
1544,2,2.50
1545,2,4.35
1546,2,2.70
1547,2,3.00
1548,2,3.15
1549,2,1.50
1550,2,1.80
1551,2,2.40
1552,2,2.55
1553,2,4.55
1554,2,2.70
1555,2,2.30
1556,2,1.65
1557,2,1.55
1558,2,1.50
1559,2,1.40
1560,2,1.35
1561,2,1.25
1562,2,1.25
1563,2,1.30
1564,2,1.30
1565,2,1.30
1566,2,1.40
1567,2,1.50
1568,2,1.65
1569,2,1.75
1570,2,1.85
1571,2,2.00
1572,2,2.20
1573,2,2.35
1574,2,1.85
1575,2,2.35
1576,2,1.60
1577,2,1.30
1578,2,2.35
1579,2,0.85
1580,2,0.85
1581,2,0.85
1582,2,2.50
1583,2,0.85
1584,2,1.15
1585,2,1.40
1586,2,2.15
1587,2,2.15
1588,2,2.15
1589,2,2.15
1590,2,2.15
1591,2,2.20
1592,2,2.25
1593,2,2.30
1594,2,2.35
1595,2,4.15
1596,2,2.55
1597,2,2.85
1598,2,3.00
1599,2,1.65
1600,2,1.95
1601,2,2.25
1602,2,2.35
1603,2,4.40
1604,2,2.50
1605,2,2.10
1606,2,1.45
1607,2,1.40
1608,2,1.25
1609,2,1.10
1610,2,1.05
1611,2,1.00
1612,2,0.85
1613,2,1.05
1614,2,1.05
1615,2,1.05
1616,2,1.20
1617,2,1.35
1618,2,1.50
1619,2,1.55
1620,2,1.70
1621,2,1.85
1622,2,2.05
1623,2,2.20
1624,2,1.70
1625,2,2.20
1626,2,1.75
1627,2,1.55
1628,2,2.15
1629,2,0.85
1630,2,0.85
1631,2,0.85
1632,2,0.85
1633,2,2.50
1634,2,0.85
1635,2,1.15
1636,2,2.00
1637,2,2.00
1638,2,2.00
1639,2,2.00
1640,2,2.00
1641,2,2.05
1642,2,2.10
1643,2,2.15
1644,2,2.20
1645,2,4.00
1646,2,2.40
1647,2,2.70
1648,2,2.80
1649,2,1.85
1650,2,2.10
1651,2,2.00
1652,2,2.15
1653,2,4.15
1654,2,2.25
1655,2,1.90
1656,2,1.20
1657,2,1.05
1658,2,0.90
1659,2,0.85
1660,2,0.85
1661,2,0.85
1662,2,0.85
1663,2,0.85
1664,2,0.85
1665,2,0.85
1666,2,0.85
1667,2,1.00
1668,2,1.20
1669,2,1.35
1670,2,1.50
1671,2,1.60
1672,2,1.80
1673,2,1.95
1674,2,1.50
1675,2,1.95
1676,2,2.00
1677,2,1.80
1678,2,1.95
1679,2,1.70
1680,2,1.50
1681,2,1.40
1682,2,1.15
1683,2,0.85
1684,2,2.50
1685,2,0.85
1686,2,1.70
1687,2,1.70
1688,2,1.70
1689,2,1.70
1690,2,1.75
1691,2,1.80
1692,2,1.85
1693,2,1.90
1694,2,1.95
1695,2,3.65
1696,2,2.15
1697,2,2.45
1698,2,2.60
1699,2,2.10
1700,2,2.35
1701,2,1.85
1702,2,2.00
1703,2,4.05
1704,2,2.15
1705,2,1.90
1706,2,1.35
1707,2,1.20
1708,2,1.05
1709,2,0.90
1710,2,0.85
1711,2,0.85
1712,2,0.85
1713,2,0.85
1714,2,0.85
1715,2,0.85
1716,2,0.85
1717,2,0.95
1718,2,1.15
1719,2,1.30
1720,2,1.50
1721,2,1.60
1722,2,1.80
1723,2,1.95
1724,2,1.50
1725,2,1.95
1726,2,2.15
1727,2,1.90
1728,2,1.80
1729,2,1.80
1730,2,1.65
1731,2,1.55
1732,2,1.40
1733,2,1.15
1734,2,0.85
1735,2,2.50
1736,2,1.40
1737,2,1.40
1738,2,1.40
1739,2,1.40
1740,2,1.50
1741,2,1.55
1742,2,1.65
1743,2,1.70
1744,2,1.80
1745,2,3.60
1746,2,2.15
1747,2,2.45
1748,2,2.60
1749,2,2.20
1750,2,2.50
1751,2,1.70
1752,2,1.85
1753,2,3.95
1754,2,2.05
1755,2,2.60
1756,2,2.05
1757,2,1.95
1758,2,1.85
1759,2,1.80
1760,2,1.75
1761,2,1.70
1762,2,1.60
1763,2,1.50
1764,2,1.50
1765,2,1.50
1766,2,1.70
1767,2,1.85
1768,2,1.95
1769,2,2.10
1770,2,2.20
1771,2,2.30
1772,2,2.55
1773,2,2.70
1774,2,2.20
1775,2,2.70
1776,2,2.85
1777,2,2.65
1778,2,1.55
1779,2,2.55
1780,2,2.40
1781,2,2.30
1782,2,2.15
1783,2,2.00
1784,2,1.70
1785,2,1.40
1786,2,2.50
1787,2,0.85
1788,2,0.85
1789,2,0.85
1790,2,0.85
1791,2,0.85
1792,2,0.85
1793,2,0.85
1794,2,1.40
1795,2,4.50
1796,2,2.90
1797,2,3.20
1798,2,3.30
1799,2,2.90
1800,2,3.20
1801,2,1.70
1802,2,1.85
1803,2,3.95
1804,2,2.05
1805,2,2.60
1806,2,2.05
1807,2,1.95
1808,2,1.85
1809,2,1.80
1810,2,1.75
1811,2,1.70
1812,2,1.60
1813,2,1.50
1814,2,1.50
1815,2,1.50
1816,2,1.70
1817,2,1.85
1818,2,1.95
1819,2,2.10
1820,2,2.20
1821,2,2.30
1822,2,2.55
1823,2,2.70
1824,2,2.20
1825,2,2.70
1826,2,2.85
1827,2,2.65
1828,2,1.55
1829,2,2.55
1830,2,2.40
1831,2,2.30
1832,2,2.15
1833,2,2.00
1834,2,1.70
1835,2,1.40
1836,2,0.85
1837,2,2.50
1838,2,0.85
1839,2,0.85
1840,2,0.85
1841,2,0.85
1842,2,0.85
1843,2,0.85
1844,2,1.40
1845,2,4.50
1846,2,2.90
1847,2,3.20
1848,2,3.30
1849,2,2.90
1850,2,3.20
1851,2,1.70
1852,2,1.85
1853,2,3.95
1854,2,2.05
1855,2,2.60
1856,2,2.05
1857,2,1.95
1858,2,1.85
1859,2,1.80
1860,2,1.75
1861,2,1.70
1862,2,1.60
1863,2,1.50
1864,2,1.50
1865,2,1.50
1866,2,1.70
1867,2,1.85
1868,2,1.95
1869,2,2.10
1870,2,2.20
1871,2,2.30
1872,2,2.55
1873,2,2.70
1874,2,2.20
1875,2,2.70
1876,2,2.85
1877,2,2.65
1878,2,1.55
1879,2,2.55
1880,2,2.40
1881,2,2.30
1882,2,2.15
1883,2,2.00
1884,2,1.70
1885,2,1.40
1886,2,0.85
1887,2,0.85
1888,2,2.50
1889,2,0.85
1890,2,0.85
1891,2,0.85
1892,2,0.85
1893,2,0.85
1894,2,1.40
1895,2,4.50
1896,2,2.90
1897,2,3.20
1898,2,3.30
1899,2,2.90
1900,2,3.20
1901,2,1.70
1902,2,1.85
1903,2,3.95
1904,2,2.05
1905,2,2.60
1906,2,2.05
1907,2,1.95
1908,2,1.85
1909,2,1.80
1910,2,1.75
1911,2,1.70
1912,2,1.60
1913,2,1.50
1914,2,1.50
1915,2,1.50
1916,2,1.70
1917,2,1.85
1918,2,1.95
1919,2,2.10
1920,2,2.20
1921,2,2.30
1922,2,2.55
1923,2,2.70
1924,2,2.20
1925,2,2.70
1926,2,2.85
1927,2,2.65
1928,2,1.55
1929,2,2.55
1930,2,2.40
1931,2,2.30
1932,2,2.15
1933,2,2.00
1934,2,1.70
1935,2,1.40
1936,2,0.85
1937,2,0.85
1938,2,0.85
1939,2,2.50
1940,2,0.85
1941,2,0.85
1942,2,0.85
1943,2,0.85
1944,2,1.40
1945,2,4.50
1946,2,2.90
1947,2,3.20
1948,2,3.30
1949,2,2.90
1950,2,3.20
1951,2,1.65
1952,2,1.80
1953,2,3.90
1954,2,2.00
1955,2,2.65
1956,2,2.10
1957,2,2.00
1958,2,1.90
1959,2,1.85
1960,2,1.80
1961,2,1.75
1962,2,1.65
1963,2,1.55
1964,2,1.55
1965,2,1.55
1966,2,1.75
1967,2,1.85
1968,2,2.00
1969,2,2.10
1970,2,2.25
1971,2,2.35
1972,2,2.55
1973,2,2.70
1974,2,2.25
1975,2,2.70
1976,2,2.90
1977,2,2.65
1978,2,1.50
1979,2,2.60
1980,2,2.40
1981,2,2.35
1982,2,2.15
1983,2,2.00
1984,2,1.75
1985,2,1.50
1986,2,0.85
1987,2,0.85
1988,2,0.85
1989,2,0.85
1990,2,2.50
1991,2,0.85
1992,2,0.85
1993,2,0.85
1994,2,1.35
1995,2,4.55
1996,2,2.90
1997,2,3.20
1998,2,3.35
1999,2,2.95
2000,2,3.25
2001,2,1.60
2002,2,1.75
2003,2,3.85
2004,2,2.00
2005,2,2.65
2006,2,2.10
2007,2,2.00
2008,2,1.95
2009,2,1.85
2010,2,1.80
2011,2,1.80
2012,2,1.70
2013,2,1.65
2014,2,1.65
2015,2,1.65
2016,2,1.80
2017,2,1.90
2018,2,2.00
2019,2,2.15
2020,2,2.25
2021,2,2.40
2022,2,2.60
2023,2,2.75
2024,2,2.25
2025,2,2.75
2026,2,2.90
2027,2,2.70
2028,2,1.45
2029,2,2.60
2030,2,2.40
2031,2,2.35
2032,2,2.20
2033,2,2.05
2034,2,1.80
2035,2,1.55
2036,2,0.85
2037,2,0.85
2038,2,0.85
2039,2,0.85
2040,2,0.85
2041,2,2.50
2042,2,0.85
2043,2,0.85
2044,2,1.35
2045,2,4.55
2046,2,2.95
2047,2,3.25
2048,2,3.35
2049,2,3.00
2050,2,3.25
2051,2,1.50
2052,2,1.65
2053,2,3.75
2054,2,1.85
2055,2,2.75
2056,2,2.15
2057,2,2.05
2058,2,2.00
2059,2,1.90
2060,2,1.90
2061,2,1.85
2062,2,1.80
2063,2,1.70
2064,2,1.70
2065,2,1.70
2066,2,1.85
2067,2,1.95
2068,2,2.10
2069,2,2.20
2070,2,2.30
2071,2,2.45
2072,2,2.65
2073,2,2.80
2074,2,2.30
2075,2,2.80
2076,2,3.00
2077,2,2.75
2078,2,1.40
2079,2,2.65
2080,2,2.50
2081,2,2.40
2082,2,2.25
2083,2,2.10
2084,2,1.85
2085,2,1.65
2086,2,0.85
2087,2,0.85
2088,2,0.85
2089,2,0.85
2090,2,0.85
2091,2,0.85
2092,2,2.50
2093,2,0.85
2094,2,1.35
2095,2,4.60
2096,2,3.00
2097,2,3.30
2098,2,3.45
2099,2,3.05
2100,2,3.35
2101,2,1.40
2102,2,1.60
2103,2,3.70
2104,2,1.80
2105,2,2.75
2106,2,2.20
2107,2,2.10
2108,2,2.00
2109,2,1.95
2110,2,1.95
2111,2,1.90
2112,2,1.85
2113,2,1.80
2114,2,1.80
2115,2,1.80
2116,2,1.90
2117,2,2.00
2118,2,2.10
2119,2,2.25
2120,2,2.35
2121,2,2.45
2122,2,2.70
2123,2,2.85
2124,2,2.35
2125,2,2.85
2126,2,3.00
2127,2,2.80
2128,2,1.40
2129,2,2.70
2130,2,2.50
2131,2,2.45
2132,2,2.30
2133,2,2.15
2134,2,1.90
2135,2,1.70
2136,2,0.85
2137,2,0.85
2138,2,0.85
2139,2,0.85
2140,2,0.85
2141,2,0.85
2142,2,0.85
2143,2,2.50
2144,2,1.35
2145,2,4.65
2146,2,3.05
2147,2,3.35
2148,2,3.45
2149,2,3.05
2150,2,3.35
2151,2,1.40
2152,2,1.40
2153,2,3.60
2154,2,1.70
2155,2,2.80
2156,2,2.25
2157,2,2.15
2158,2,2.10
2159,2,2.00
2160,2,1.95
2161,2,1.95
2162,2,1.90
2163,2,1.85
2164,2,1.85
2165,2,1.85
2166,2,1.95
2167,2,2.05
2168,2,2.15
2169,2,2.30
2170,2,2.40
2171,2,2.55
2172,2,2.75
2173,2,2.90
2174,2,2.40
2175,2,2.90
2176,2,3.05
2177,2,2.85
2178,2,1.40
2179,2,2.75
2180,2,2.55
2181,2,2.50
2182,2,2.35
2183,2,2.20
2184,2,1.95
2185,2,1.80
2186,2,1.40
2187,2,1.40
2188,2,1.40
2189,2,1.40
2190,2,1.35
2191,2,1.35
2192,2,1.35
2193,2,1.35
2194,2,2.50
2195,2,4.70
2196,2,3.10
2197,2,3.40
2198,2,3.50
2199,2,3.15
2200,2,3.40
2201,2,4.80
2202,2,4.90
2203,2,6.95
2204,2,5.00
2205,2,4.30
2206,2,4.15
2207,2,4.05
2208,2,3.95
2209,2,3.85
2210,2,3.80
2211,2,3.70
2212,2,3.60
2213,2,3.50
2214,2,3.50
2215,2,3.50
2216,2,3.50
2217,2,2.65
2218,2,3.50
2219,2,3.50
2220,2,3.75
2221,2,3.95
2222,2,4.25
2223,2,4.40
2224,2,3.75
2225,2,4.40
2226,2,4.90
2227,2,4.65
2228,2,4.70
2229,2,4.55
2230,2,4.40
2231,2,4.35
2232,2,4.15
2233,2,4.00
2234,2,3.65
2235,2,3.60
2236,2,4.50
2237,2,4.50
2238,2,4.50
2239,2,4.50
2240,2,4.55
2241,2,4.55
2242,2,4.60
2243,2,4.65
2244,2,4.70
2245,2,2.50
2246,2,4.55
2247,2,4.90
2248,2,5.00
2249,2,4.95
2250,2,5.25
2251,2,3.15
2252,2,3.25
2253,2,5.30
2254,2,3.40
2255,2,2.25
2256,2,2.55
2257,2,2.45
2258,2,2.35
2259,2,2.25
2260,2,2.25
2261,2,2.20
2262,2,2.15
2263,2,2.10
2264,2,2.10
2265,2,2.10
2266,2,2.00
2267,2,1.90
2268,2,1.80
2269,2,1.70
2270,2,1.55
2271,2,0.85
2272,2,0.85
2273,2,0.85
2274,2,1.80
2275,2,2.30
2276,2,3.25
2277,2,3.05
2278,2,3.05
2279,2,2.95
2280,2,2.75
2281,2,2.70
2282,2,2.55
2283,2,2.40
2284,2,2.15
2285,2,2.15
2286,2,2.90
2287,2,2.90
2288,2,2.90
2289,2,2.90
2290,2,2.90
2291,2,2.95
2292,2,3.00
2293,2,3.05
2294,2,3.10
2295,2,4.55
2296,2,2.50
2297,2,1.05
2298,2,1.20
2299,2,3.35
2300,2,3.60
2301,2,3.45
2302,2,3.60
2303,2,5.60
2304,2,3.75
2305,2,2.55
2306,2,2.85
2307,2,2.75
2308,2,2.70
2309,2,2.60
2310,2,2.55
2311,2,2.55
2312,2,2.45
2313,2,2.45
2314,2,2.45
2315,2,2.45
2316,2,2.30
2317,2,2.25
2318,2,2.10
2319,2,2.00
2320,2,1.90
2321,2,1.75
2322,2,1.55
2323,2,1.35
2324,2,2.15
2325,2,2.60
2326,2,3.60
2327,2,3.35
2328,2,3.40
2329,2,3.25
2330,2,3.10
2331,2,3.00
2332,2,2.85
2333,2,2.70
2334,2,2.45
2335,2,2.45
2336,2,3.20
2337,2,3.20
2338,2,3.20
2339,2,3.20
2340,2,3.20
2341,2,3.25
2342,2,3.30
2343,2,3.35
2344,2,3.40
2345,2,4.90
2346,2,1.05
2347,2,2.50
2348,2,0.85
2349,2,3.65
2350,2,3.95
2351,2,3.60
2352,2,3.70
2353,2,5.75
2354,2,3.85
2355,2,2.65
2356,2,2.95
2357,2,2.85
2358,2,2.75
2359,2,2.70
2360,2,2.70
2361,2,2.65
2362,2,2.60
2363,2,2.55
2364,2,2.55
2365,2,2.55
2366,2,2.45
2367,2,2.35
2368,2,2.20
2369,2,2.10
2370,2,2.00
2371,2,1.85
2372,2,1.65
2373,2,1.50
2374,2,2.25
2375,2,2.70
2376,2,3.70
2377,2,3.45
2378,2,3.50
2379,2,3.35
2380,2,3.20
2381,2,3.15
2382,2,3.00
2383,2,2.80
2384,2,2.60
2385,2,2.60
2386,2,3.30
2387,2,3.30
2388,2,3.30
2389,2,3.30
2390,2,3.35
2391,2,3.35
2392,2,3.45
2393,2,3.45
2394,2,3.50
2395,2,5.00
2396,2,1.20
2397,2,0.85
2398,2,2.50
2399,2,3.75
2400,2,4.05
2401,2,3.20
2402,2,3.30
2403,2,5.35
2404,2,3.45
2405,2,3.05
2406,2,2.40
2407,2,2.30
2408,2,2.25
2409,2,2.15
2410,2,2.15
2411,2,2.15
2412,2,2.15
2413,2,2.15
2414,2,2.15
2415,2,2.15
2416,2,2.20
2417,2,2.30
2418,2,2.45
2419,2,2.55
2420,2,2.65
2421,2,2.80
2422,2,3.00
2423,2,3.15
2424,2,2.65
2425,2,3.15
2426,2,0.85
2427,2,0.85
2428,2,3.15
2429,2,0.85
2430,2,1.45
2431,2,1.50
2432,2,1.65
2433,2,1.85
2434,2,2.10
2435,2,2.20
2436,2,2.90
2437,2,2.90
2438,2,2.90
2439,2,2.90
2440,2,2.95
2441,2,3.00
2442,2,3.05
2443,2,3.05
2444,2,3.15
2445,2,4.95
2446,2,3.35
2447,2,3.65
2448,2,3.75
2449,2,2.50
2450,2,0.85
2451,2,3.50
2452,2,3.60
2453,2,5.65
2454,2,3.75
2455,2,3.35
2456,2,2.70
2457,2,2.60
2458,2,2.55
2459,2,2.45
2460,2,2.45
2461,2,2.40
2462,2,2.40
2463,2,2.45
2464,2,2.45
2465,2,2.45
2466,2,2.50
2467,2,2.60
2468,2,2.70
2469,2,2.80
2470,2,2.90
2471,2,3.05
2472,2,3.30
2473,2,3.45
2474,2,2.95
2475,2,3.40
2476,2,0.85
2477,2,1.45
2478,2,3.40
2479,2,1.55
2480,2,1.70
2481,2,1.80
2482,2,1.95
2483,2,2.10
2484,2,2.35
2485,2,2.50
2486,2,3.20
2487,2,3.20
2488,2,3.20
2489,2,3.20
2490,2,3.25
2491,2,3.25
2492,2,3.35
2493,2,3.35
2494,2,3.40
2495,2,5.25
2496,2,3.60
2497,2,3.95
2498,2,4.05
2499,2,0.85
2500,2,2.50
1,16,3.35
2,16,1.90
3,16,4.50
4,16,1.90
5,16,3.85
6,16,3.10
7,16,3.00
8,16,2.90
9,16,2.80
10,16,2.75
11,16,2.70
12,16,2.60
13,16,2.55
14,16,2.55
15,16,2.55
16,16,2.75
17,16,2.85
18,16,3.00
19,16,3.15
20,16,3.30
21,16,3.50
22,16,3.75
23,16,3.95
24,16,3.30
25,16,3.95
26,16,4.20
27,16,3.90
28,16,1.90
29,16,3.80
30,16,3.55
31,16,3.45
32,16,3.25
33,16,3.00
34,16,2.70
35,16,2.50
36,16,2.30
37,16,2.30
38,16,2.30
39,16,2.30
40,16,2.20
41,16,2.15
42,16,2.00
43,16,1.90
44,16,1.90
45,16,6.40
46,16,4.20
47,16,4.65
48,16,4.80
49,16,4.30
50,16,4.65
51,16,1.90
52,16,3.35
53,16,4.50
54,16,1.90
55,16,4.00
56,16,3.25
57,16,3.15
58,16,3.05
59,16,2.95
60,16,2.90
61,16,2.85
62,16,2.75
63,16,2.70
64,16,2.70
65,16,2.70
66,16,2.90
67,16,3.00
68,16,3.15
69,16,3.30
70,16,3.45
71,16,3.65
72,16,3.90
73,16,4.10
74,16,3.45
75,16,4.10
76,16,4.35
77,16,4.05
78,16,1.90
79,16,3.95
80,16,3.70
81,16,3.60
82,16,3.40
83,16,3.15
84,16,2.85
85,16,2.65
86,16,2.50
87,16,2.50
88,16,2.50
89,16,2.50
90,16,2.40
91,16,2.35
92,16,2.20
93,16,2.15
94,16,1.90
95,16,6.55
96,16,4.35
97,16,4.80
98,16,4.95
99,16,4.45
100,16,4.80
101,16,4.50
102,16,4.50
103,16,3.35
104,16,2.60
105,16,6.75
106,16,6.00
107,16,5.85
108,16,5.75
109,16,5.65
110,16,5.60
111,16,5.55
112,16,5.50
113,16,5.45
114,16,5.45
115,16,5.45
116,16,5.60
117,16,5.70
118,16,5.90
119,16,6.00
120,16,6.20
121,16,6.35
122,16,6.65
123,16,6.85
124,16,6.20
125,16,6.85
126,16,7.05
127,16,6.75
128,16,4.70
129,16,6.65
130,16,6.40
131,16,6.35
132,16,6.10
133,16,5.90
134,16,5.55
135,16,5.40
136,16,5.25
137,16,5.25
138,16,5.25
139,16,5.25
140,16,5.20
141,16,5.15
142,16,5.00
143,16,4.95
144,16,4.80
145,16,9.25
146,16,7.10
147,16,7.50
148,16,7.65
149,16,7.15
150,16,7.55
151,16,1.90
152,16,1.90
153,16,2.60
154,16,3.35
155,16,4.20
156,16,3.45
157,16,3.35
158,16,3.25
159,16,3.10
160,16,3.10
161,16,3.05
162,16,2.95
163,16,2.90
164,16,2.90
165,16,2.90
166,16,3.05
167,16,3.20
168,16,3.35
169,16,3.50
170,16,3.65
171,16,3.85
172,16,4.10
173,16,4.30
174,16,3.65
175,16,4.30
176,16,4.55
177,16,4.25
178,16,2.20
179,16,4.15
180,16,3.90
181,16,3.80
182,16,3.60
183,16,3.35
184,16,3.05
185,16,2.85
186,16,2.75
187,16,2.75
188,16,2.75
189,16,2.75
190,16,2.70
191,16,2.65
192,16,2.50
193,16,2.45
194,16,2.30
195,16,6.70
196,16,4.55
197,16,5.00
198,16,5.15
199,16,4.65
200,16,5.00
201,16,3.85
202,16,4.00
203,16,6.75
204,16,4.20
205,16,3.35
206,16,3.00
207,16,2.90
208,16,2.80
209,16,2.70
210,16,2.65
211,16,2.60
212,16,2.55
213,16,2.50
214,16,2.50
215,16,2.50
216,16,2.35
217,16,2.20
218,16,2.05
219,16,1.15
220,16,2.05
221,16,2.25
222,16,2.55
223,16,2.75
224,16,1.15
225,16,1.15
226,16,4.00
227,16,3.70
228,16,3.75
229,16,3.60
230,16,3.35
231,16,3.25
232,16,3.05
233,16,2.85
234,16,2.55
235,16,2.55
236,16,3.50
237,16,3.50
238,16,3.50
239,16,3.50
240,16,3.55
241,16,3.55
242,16,3.65
243,16,3.70
244,16,3.75
245,16,5.75
246,16,3.00
247,16,3.40
248,16,3.55
249,16,4.10
250,16,4.50
251,16,3.10
252,16,3.25
253,16,6.00
254,16,3.45
255,16,3.00
256,16,3.35
257,16,1.15
258,16,1.15
259,16,1.15
260,16,1.15
261,16,1.15
262,16,1.55
263,16,1.70
264,16,1.70
265,16,1.70
266,16,1.85
267,16,2.00
268,16,2.15
269,16,2.30
270,16,2.45
271,16,2.65
272,16,2.95
273,16,3.10
274,16,2.45
275,16,3.10
276,16,3.15
277,16,2.85
278,16,3.00
279,16,2.75
280,16,2.50
281,16,2.40
282,16,2.20
283,16,1.95
284,16,1.60
285,16,1.80
286,16,2.75
287,16,2.75
288,16,2.75
289,16,2.75
290,16,2.80
291,16,2.80
292,16,2.90
293,16,2.95
294,16,3.00
295,16,5.55
296,16,3.40
297,16,3.80
298,16,3.95
299,16,3.25
300,16,3.60
301,16,3.00
302,16,3.15
303,16,5.85
304,16,3.35
305,16,2.90
306,16,1.15
307,16,3.35
308,16,1.15
309,16,1.15
310,16,1.15
311,16,1.15
312,16,1.35
313,16,1.50
314,16,1.50
315,16,1.50
316,16,1.75
317,16,1.85
318,16,2.05
319,16,2.20
320,16,2.35
321,16,2.50
322,16,2.80
323,16,3.00
324,16,2.35
325,16,3.00
326,16,3.05
327,16,2.75
328,16,2.85
329,16,2.60
330,16,2.35
331,16,2.30
332,16,2.10
333,16,1.85
334,16,1.40
335,16,1.60
336,16,2.60
337,16,2.60
338,16,2.60
339,16,2.60
340,16,2.65
341,16,2.70
342,16,2.75
343,16,2.80
344,16,2.90
345,16,5.40
346,16,3.25
347,16,3.70
348,16,3.85
349,16,3.10
350,16,3.50
351,16,2.90
352,16,3.05
353,16,5.75
354,16,3.25
355,16,2.80
356,16,1.15
357,16,1.15
358,16,3.35
359,16,1.15
360,16,1.15
361,16,1.15
362,16,1.20
363,16,1.30
364,16,1.30
365,16,1.30
366,16,1.60
367,16,1.75
368,16,1.95
369,16,2.10
370,16,2.25
371,16,2.40
372,16,2.70
373,16,2.90
374,16,2.25
375,16,2.90
376,16,2.95
377,16,2.65
378,16,2.80
379,16,2.50
380,16,2.30
381,16,2.20
382,16,2.00
383,16,1.70
384,16,1.25
385,16,1.45
386,16,2.50
387,16,2.50
388,16,2.50
389,16,2.50
390,16,2.55
391,16,2.60
392,16,2.70
393,16,2.70
394,16,2.80
395,16,5.30
396,16,3.15
397,16,3.60
398,16,3.70
399,16,3.05
400,16,3.40
401,16,2.80
402,16,2.95
403,16,5.65
404,16,3.10
405,16,2.70
406,16,1.15
407,16,1.15
408,16,1.15
409,16,3.35
410,16,1.15
411,16,1.15
412,16,1.15
413,16,1.15
414,16,1.15
415,16,1.15
416,16,1.40
417,16,1.60
418,16,1.85
419,16,1.95
420,16,2.15
421,16,2.30
422,16,2.60
423,16,2.80
424,16,2.15
425,16,2.80
426,16,2.80
427,16,2.50
428,16,2.65
429,16,2.40
430,16,2.15
431,16,2.10
432,16,1.85
433,16,1.50
434,16,1.15
435,16,1.25
436,16,2.40
437,16,2.40
438,16,2.40
439,16,2.40
440,16,2.45
441,16,2.50
442,16,2.55
443,16,2.60
444,16,2.70
445,16,5.15
446,16,3.05
447,16,3.45
448,16,3.60
449,16,2.90
450,16,3.30
451,16,2.75
452,16,2.90
453,16,5.60
454,16,3.10
455,16,2.65
456,16,1.15
457,16,1.15
458,16,1.15
459,16,1.15
460,16,3.35
461,16,1.15
462,16,1.15
463,16,1.15
464,16,1.15
465,16,1.15
466,16,1.35
467,16,1.50
468,16,1.80
469,16,1.95
470,16,2.10
471,16,2.30
472,16,2.55
473,16,2.75
474,16,2.10
475,16,2.75
476,16,2.80
477,16,2.50
478,16,2.65
479,16,2.35
480,16,2.15
481,16,2.05
482,16,1.80
483,16,1.45
484,16,1.15
485,16,1.15
486,16,2.35
487,16,2.35
488,16,2.35
489,16,2.35
490,16,2.40
491,16,2.45
492,16,2.55
493,16,2.60
494,16,2.65
495,16,5.05
496,16,3.00
497,16,3.45
498,16,3.60
499,16,2.90
500,16,3.25
501,16,2.70
502,16,2.85
503,16,5.55
504,16,3.05
505,16,2.60
506,16,1.15
507,16,1.15
508,16,1.15
509,16,1.15
510,16,1.15
511,16,3.35
512,16,1.15
513,16,1.15
514,16,1.15
515,16,1.15
516,16,1.25
517,16,1.40
518,16,1.70
519,16,1.90
520,16,2.05
521,16,2.25
522,16,2.50
523,16,2.70
524,16,2.05
525,16,2.70
526,16,2.75
527,16,2.45
528,16,2.60
529,16,2.35
530,16,2.10
531,16,2.00
532,16,1.70
533,16,1.35
534,16,1.15
535,16,1.15
536,16,2.25
537,16,2.25
538,16,2.25
539,16,2.25
540,16,2.35
541,16,2.40
542,16,2.50
543,16,2.55
544,16,2.60
545,16,4.95
546,16,2.95
547,16,3.40
548,16,3.55
549,16,2.85
550,16,3.25
551,16,2.60
552,16,2.75
553,16,5.50
554,16,2.95
555,16,2.55
556,16,1.55
557,16,1.35
558,16,1.20
559,16,1.15
560,16,1.15
561,16,1.15
562,16,3.35
563,16,1.15
564,16,1.15
565,16,1.15
566,16,1.15
567,16,1.30
568,16,1.60
569,16,1.80
570,16,2.00
571,16,2.15
572,16,2.45
573,16,2.65
574,16,2.00
575,16,2.65
576,16,2.75
577,16,2.45
578,16,2.50
579,16,2.35
580,16,2.10
581,16,2.00
582,16,1.70
583,16,1.15
584,16,1.15
585,16,1.15
586,16,2.15
587,16,2.15
588,16,2.15
589,16,2.15
590,16,2.25
591,16,2.30
592,16,2.40
593,16,2.45
594,16,2.55
595,16,4.85
596,16,2.90
597,16,3.30
598,16,3.45
599,16,2.85
600,16,3.25
601,16,2.55
602,16,2.70
603,16,5.45
604,16,2.90
605,16,2.50
606,16,1.70
607,16,1.50
608,16,1.30
609,16,1.15
610,16,1.15
611,16,1.15
612,16,1.15
613,16,3.35
614,16,1.15
615,16,1.15
616,16,1.15
617,16,1.15
618,16,1.45
619,16,1.65
620,16,1.95
621,16,2.10
622,16,2.40
623,16,2.60
624,16,1.95
625,16,2.60
626,16,2.80
627,16,2.50
628,16,2.45
629,16,2.35
630,16,2.15
631,16,2.05
632,16,1.75
633,16,1.40
634,16,1.15
635,16,1.15
636,16,2.00
637,16,2.00
638,16,2.00
639,16,2.00
640,16,2.10
641,16,2.20
642,16,2.30
643,16,2.40
644,16,2.45
645,16,4.65
646,16,2.85
647,16,3.25
648,16,3.40
649,16,2.90
650,16,3.25
651,16,2.55
652,16,2.70
653,16,5.45
654,16,2.90
655,16,2.50
656,16,1.70
657,16,1.50
658,16,1.30
659,16,1.15
660,16,1.15
661,16,1.15
662,16,1.15
663,16,1.15
664,16,3.35
665,16,1.15
666,16,1.15
667,16,1.15
668,16,1.45
669,16,1.65
670,16,1.95
671,16,2.10
672,16,2.40
673,16,2.60
674,16,1.95
675,16,2.60
676,16,2.80
677,16,2.50
678,16,2.45
679,16,2.35
680,16,2.15
681,16,2.05
682,16,1.75
683,16,1.40
684,16,1.15
685,16,1.15
686,16,2.00
687,16,2.00
688,16,2.00
689,16,2.00
690,16,2.10
691,16,2.20
692,16,2.30
693,16,2.40
694,16,2.45
695,16,4.65
696,16,2.85
697,16,3.25
698,16,3.40
699,16,2.90
700,16,3.25
701,16,2.55
702,16,2.70
703,16,5.45
704,16,2.90
705,16,2.50
706,16,1.70
707,16,1.50
708,16,1.30
709,16,1.15
710,16,1.15
711,16,1.15
712,16,1.15
713,16,1.15
714,16,1.15
715,16,3.35
716,16,1.15
717,16,1.15
718,16,1.45
719,16,1.65
720,16,1.95
721,16,2.10
722,16,2.40
723,16,2.60
724,16,1.95
725,16,2.60
726,16,2.80
727,16,2.50
728,16,2.45
729,16,2.35
730,16,2.15
731,16,2.05
732,16,1.75
733,16,1.40
734,16,1.15
735,16,1.15
736,16,2.00
737,16,2.00
738,16,2.00
739,16,2.00
740,16,2.10
741,16,2.20
742,16,2.30
743,16,2.40
744,16,2.45
745,16,4.65
746,16,2.85
747,16,3.25
748,16,3.40
749,16,2.90
750,16,3.25
751,16,2.75
752,16,2.90
753,16,5.60
754,16,3.05
755,16,2.35
756,16,1.85
757,16,1.75
758,16,1.60
759,16,1.40
760,16,1.35
761,16,1.25
762,16,1.15
763,16,1.15
764,16,1.15
765,16,1.15
766,16,3.35
767,16,1.15
768,16,1.15
769,16,1.40
770,16,1.65
771,16,1.95
772,16,2.25
773,16,2.45
774,16,1.65
775,16,2.40
776,16,2.90
777,16,2.55
778,16,2.60
779,16,2.45
780,16,2.20
781,16,2.15
782,16,1.90
783,16,1.60
784,16,1.15
785,16,1.15
786,16,2.25
787,16,2.25
788,16,2.25
789,16,2.25
790,16,2.35
791,16,2.45
792,16,2.50
793,16,2.55
794,16,2.65
795,16,4.65
796,16,2.70
797,16,3.10
798,16,3.25
799,16,2.95
800,16,3.35
801,16,2.85
802,16,3.00
803,16,5.70
804,16,3.20
805,16,2.20
806,16,2.00
807,16,1.85
808,16,1.75
809,16,1.60
810,16,1.50
811,16,1.40
812,16,1.30
813,16,1.15
814,16,1.15
815,16,1.15
816,16,1.15
817,16,3.35
818,16,1.15
819,16,1.15
820,16,1.50
821,16,1.75
822,16,2.10
823,16,2.30
824,16,1.50
825,16,2.30
826,16,3.00
827,16,2.70
828,16,2.75
829,16,2.55
830,16,2.35
831,16,2.25
832,16,2.05
833,16,1.80
834,16,1.35
835,16,1.25
836,16,2.45
837,16,2.45
838,16,2.45
839,16,2.45
840,16,2.50
841,16,2.55
842,16,2.60
843,16,2.65
844,16,2.75
845,16,3.55
846,16,2.55
847,16,3.00
848,16,3.15
849,16,3.10
850,16,3.45
851,16,3.00
852,16,3.15
853,16,5.90
854,16,3.35
855,16,2.05
856,16,2.15
857,16,2.05
858,16,1.95
859,16,1.85
860,16,1.80
861,16,1.70
862,16,1.60
863,16,1.45
864,16,1.45
865,16,1.45
866,16,1.15
867,16,1.15
868,16,3.35
869,16,1.15
870,16,1.15
871,16,1.50
872,16,1.90
873,16,2.15
874,16,1.15
875,16,2.15
876,16,3.15
877,16,2.85
878,16,2.90
879,16,2.75
880,16,2.50
881,16,2.40
882,16,2.20
883,16,2.00
884,16,1.60
885,16,1.55
886,16,2.65
887,16,2.65
888,16,2.65
889,16,2.65
890,16,2.70
891,16,2.70
892,16,2.80
893,16,2.85
894,16,2.90
895,16,4.65
896,16,2.40
897,16,2.85
898,16,2.95
899,16,3.25
900,16,3.60
901,16,3.15
902,16,3.30
903,16,6.00
904,16,3.50
905,16,1.15
906,16,2.30
907,16,2.20
908,16,2.10
909,16,1.95
910,16,1.95
911,16,1.90
912,16,1.80
913,16,1.65
914,16,1.65
915,16,1.65
916,16,1.40
917,16,1.15
918,16,1.15
919,16,3.35
920,16,1.15
921,16,1.15
922,16,1.15
923,16,1.15
924,16,1.15
925,16,1.15
926,16,3.30
927,16,3.00
928,16,3.05
929,16,2.90
930,16,2.65
931,16,2.55
932,16,2.35
933,16,2.10
934,16,1.80
935,16,1.75
936,16,2.80
937,16,2.80
938,16,2.80
939,16,2.80
940,16,2.80
941,16,2.85
942,16,2.95
943,16,3.00
944,16,3.05
945,16,4.65
946,16,2.25
947,16,2.70
948,16,2.85
949,16,3.40
950,16,3.75
951,16,3.30
952,16,3.45
953,16,6.20
954,16,3.65
955,16,2.05
956,16,2.45
957,16,2.35
958,16,2.25
959,16,2.15
960,16,2.10
961,16,2.05
962,16,2.00
963,16,1.95
964,16,1.95
965,16,1.95
966,16,1.65
967,16,1.50
968,16,1.15
969,16,1.15
970,16,3.35
971,16,1.15
972,16,1.15
973,16,1.15
974,16,1.15
975,16,2.15
976,16,3.45
977,16,3.15
978,16,3.20
979,16,3.05
980,16,2.80
981,16,2.70
982,16,2.50
983,16,2.30
984,16,2.00
985,16,2.00
986,16,2.95
987,16,2.95
988,16,2.95
989,16,2.95
990,16,3.00
991,16,3.00
992,16,3.10
993,16,3.15
994,16,3.20
995,16,5.05
996,16,2.10
997,16,2.55
998,16,2.65
999,16,3.55
1000,16,3.90
1001,16,3.50
1002,16,3.65
1003,16,6.35
1004,16,3.85
1005,16,2.25
1006,16,2.65
1007,16,2.50
1008,16,2.40
1009,16,2.30
1010,16,2.30
1011,16,2.25
1012,16,2.15
1013,16,2.10
1014,16,2.10
1015,16,2.10
1016,16,1.95
1017,16,1.75
1018,16,1.50
1019,16,1.15
1020,16,1.15
1021,16,3.35
1022,16,1.15
1023,16,1.15
1024,16,1.55
1025,16,2.35
1026,16,3.65
1027,16,3.35
1028,16,3.40
1029,16,3.20
1030,16,3.00
1031,16,2.90
1032,16,2.70
1033,16,2.45
1034,16,2.15
1035,16,2.15
1036,16,3.10
1037,16,3.10
1038,16,3.10
1039,16,3.10
1040,16,3.15
1041,16,3.20
1042,16,3.30
1043,16,3.30
1044,16,3.40
1045,16,5.30
1046,16,1.15
1047,16,2.35
1048,16,2.50
1049,16,3.75
1050,16,4.10
1051,16,3.75
1052,16,3.90
1053,16,6.65
1054,16,4.10
1055,16,2.55
1056,16,2.95
1057,16,2.80
1058,16,2.70
1059,16,2.60
1060,16,2.55
1061,16,2.50
1062,16,2.45
1063,16,2.40
1064,16,2.40
1065,16,2.40
1066,16,2.25
1067,16,2.10
1068,16,1.90
1069,16,1.15
1070,16,1.15
1071,16,1.15
1072,16,3.35
1073,16,1.15
1074,16,1.95
1075,16,2.65
1076,16,3.90
1077,16,3.60
1078,16,3.65
1079,16,3.50
1080,16,3.25
1081,16,3.15
1082,16,2.95
1083,16,2.75
1084,16,2.45
1085,16,2.45
1086,16,3.40
1087,16,3.40
1088,16,3.40
1089,16,3.40
1090,16,3.45
1091,16,3.50
1092,16,3.55
1093,16,3.60
1094,16,3.70
1095,16,5.65
1096,16,1.15
1097,16,2.05
1098,16,2.20
1099,16,4.00
1100,16,4.40
1101,16,3.95
1102,16,4.10
1103,16,6.85
1104,16,4.30
1105,16,2.75
1106,16,3.10
1107,16,3.00
1108,16,2.90
1109,16,2.80
1110,16,2.75
1111,16,2.70
1112,16,2.65
1113,16,2.60
1114,16,2.60
1115,16,2.60
1116,16,2.45
1117,16,2.30
1118,16,2.15
1119,16,1.15
1120,16,1.15
1121,16,1.15
1122,16,1.15
1123,16,3.35
1124,16,2.20
1125,16,2.80
1126,16,4.10
1127,16,3.80
1128,16,3.85
1129,16,3.70
1130,16,3.45
1131,16,3.35
1132,16,3.15
1133,16,2.95
1134,16,2.65
1135,16,2.65
1136,16,3.60
1137,16,3.60
1138,16,3.60
1139,16,3.60
1140,16,3.65
1141,16,3.70
1142,16,3.75
1143,16,3.80
1144,16,3.90
1145,16,5.85
1146,16,1.15
1147,16,1.80
1148,16,2.00
1149,16,4.20
1150,16,4.60
1151,16,3.30
1152,16,3.45
1153,16,6.20
1154,16,3.65
1155,16,1.15
1156,16,2.45
1157,16,2.35
1158,16,2.25
1159,16,2.15
1160,16,2.10
1161,16,2.05
1162,16,2.00
1163,16,1.95
1164,16,1.95
1165,16,1.95
1166,16,1.65
1167,16,1.50
1168,16,1.15
1169,16,1.15
1170,16,1.15
1171,16,1.55
1172,16,1.95
1173,16,2.20
1174,16,3.35
1175,16,1.15
1176,16,3.45
1177,16,3.15
1178,16,3.20
1179,16,3.05
1180,16,2.80
1181,16,2.70
1182,16,2.50
1183,16,2.30
1184,16,2.00
1185,16,2.00
1186,16,2.95
1187,16,2.95
1188,16,2.95
1189,16,2.95
1190,16,3.00
1191,16,3.00
1192,16,3.10
1193,16,3.15
1194,16,3.20
1195,16,5.05
1196,16,2.45
1197,16,2.85
1198,16,3.00
1199,16,3.55
1200,16,3.95
1201,16,3.95
1202,16,4.10
1203,16,6.85
1204,16,4.30
1205,16,1.15
1206,16,3.10
1207,16,3.00
1208,16,2.90
1209,16,2.80
1210,16,2.75
1211,16,2.70
1212,16,2.65
1213,16,2.60
1214,16,2.60
1215,16,2.60
1216,16,2.40
1217,16,2.30
1218,16,2.15
1219,16,1.15
1220,16,2.15
1221,16,2.35
1222,16,2.65
1223,16,2.80
1224,16,1.15
1225,16,3.35
1226,16,4.10
1227,16,3.80
1228,16,3.85
1229,16,3.70
1230,16,3.45
1231,16,3.35
1232,16,3.15
1233,16,2.95
1234,16,2.65
1235,16,2.65
1236,16,3.60
1237,16,3.60
1238,16,3.60
1239,16,3.60
1240,16,3.65
1241,16,3.65
1242,16,3.75
1243,16,3.80
1244,16,3.85
1245,16,5.85
1246,16,3.10
1247,16,3.50
1248,16,3.65
1249,16,4.20
1250,16,4.55
1251,16,4.20
1252,16,4.35
1253,16,7.05
1254,16,4.55
1255,16,4.00
1256,16,3.15
1257,16,3.05
1258,16,2.95
1259,16,2.80
1260,16,2.80
1261,16,2.75
1262,16,2.75
1263,16,2.80
1264,16,2.80
1265,16,2.80
1266,16,2.90
1267,16,3.00
1268,16,3.15
1269,16,3.30
1270,16,3.45
1271,16,3.65
1272,16,3.90
1273,16,4.10
1274,16,3.45
1275,16,4.10
1276,16,3.35
1277,16,1.15
1278,16,4.10
1279,16,1.15
1280,16,1.15
1281,16,1.15
1282,16,2.15
1283,16,2.35
1284,16,2.70
1285,16,2.85
1286,16,3.85
1287,16,3.85
1288,16,3.85
1289,16,3.85
1290,16,3.85
1291,16,3.90
1292,16,4.00
1293,16,4.05
1294,16,4.10
1295,16,6.55
1296,16,4.35
1297,16,4.80
1298,16,4.95
1299,16,1.15
1300,16,1.15
1301,16,3.90
1302,16,4.05
1303,16,6.75
1304,16,4.25
1305,16,3.70
1306,16,2.85
1307,16,2.75
1308,16,2.65
1309,16,2.50
1310,16,2.50
1311,16,2.45
1312,16,2.45
1313,16,2.50
1314,16,2.50
1315,16,2.50
1316,16,2.55
1317,16,2.70
1318,16,2.85
1319,16,3.00
1320,16,3.15
1321,16,3.35
1322,16,3.60
1323,16,3.80
1324,16,3.15
1325,16,3.80
1326,16,1.15
1327,16,3.35
1328,16,3.80
1329,16,1.15
1330,16,1.15
1331,16,1.15
1332,16,1.75
1333,16,2.05
1334,16,2.40
1335,16,2.55
1336,16,3.55
1337,16,3.55
1338,16,3.55
1339,16,3.55
1340,16,3.55
1341,16,3.60
1342,16,3.70
1343,16,3.75
1344,16,3.80
1345,16,6.25
1346,16,4.05
1347,16,4.50
1348,16,4.65
1349,16,1.15
1350,16,1.95
1351,16,1.90
1352,16,1.90
1353,16,4.70
1354,16,2.20
1355,16,3.75
1356,16,3.00
1357,16,2.85
1358,16,2.80
1359,16,2.65
1360,16,2.65
1361,16,2.60
1362,16,2.50
1363,16,2.45
1364,16,2.45
1365,16,2.45
1366,16,2.60
1367,16,2.75
1368,16,2.90
1369,16,3.05
1370,16,3.20
1371,16,3.40
1372,16,3.65
1373,16,3.85
1374,16,3.20
1375,16,3.85
1376,16,4.10
1377,16,3.80
1378,16,3.35
1379,16,3.65
1380,16,3.45
1381,16,3.35
1382,16,3.15
1383,16,2.90
1384,16,2.60
1385,16,2.40
1386,16,2.10
1387,16,2.10
1388,16,2.10
1389,16,2.10
1390,16,2.00
1391,16,1.95
1392,16,1.90
1393,16,1.90
1394,16,1.90
1395,16,6.25
1396,16,4.10
1397,16,4.55
1398,16,4.70
1399,16,4.20
1400,16,4.55
1401,16,3.80
1402,16,3.95
1403,16,6.65
1404,16,4.15
1405,16,3.60
1406,16,2.75
1407,16,2.60
1408,16,2.50
1409,16,2.40
1410,16,2.35
1411,16,2.35
1412,16,2.35
1413,16,2.35
1414,16,2.35
1415,16,2.35
1416,16,2.45
1417,16,2.55
1418,16,2.75
1419,16,2.90
1420,16,3.05
1421,16,3.20
1422,16,3.50
1423,16,3.70
1424,16,3.05
1425,16,3.70
1426,16,1.15
1427,16,1.15
1428,16,3.65
1429,16,3.35
1430,16,1.15
1431,16,1.15
1432,16,1.15
1433,16,1.15
1434,16,2.25
1435,16,2.45
1436,16,3.40
1437,16,3.40
1438,16,3.40
1439,16,3.40
1440,16,3.45
1441,16,3.50
1442,16,3.55
1443,16,3.60
1444,16,3.70
1445,16,6.10
1446,16,3.95
1447,16,4.35
1448,16,4.50
1449,16,1.15
1450,16,2.05
1451,16,3.55
1452,16,3.70
1453,16,6.40
1454,16,3.90
1455,16,3.35
1456,16,2.50
1457,16,2.35
1458,16,2.30
1459,16,2.15
1460,16,2.15
1461,16,2.10
1462,16,2.10
1463,16,2.15
1464,16,2.15
1465,16,2.15
1466,16,2.20
1467,16,2.35
1468,16,2.50
1469,16,2.65
1470,16,2.80
1471,16,3.00
1472,16,3.25
1473,16,3.45
1474,16,2.80
1475,16,3.45
1476,16,1.15
1477,16,1.15
1478,16,3.45
1479,16,1.15
1480,16,3.35
1481,16,1.15
1482,16,1.15
1483,16,1.15
1484,16,2.00
1485,16,2.20
1486,16,3.20
1487,16,3.20
1488,16,3.20
1489,16,3.20
1490,16,3.20
1491,16,3.25
1492,16,3.35
1493,16,3.35
1494,16,3.45
1495,16,5.85
1496,16,3.70
1497,16,4.15
1498,16,4.30
1499,16,1.95
1500,16,2.30
1501,16,3.45
1502,16,3.60
1503,16,6.35
1504,16,3.80
1505,16,3.25
1506,16,2.40
1507,16,2.30
1508,16,2.20
1509,16,2.10
1510,16,2.05
1511,16,2.00
1512,16,2.00
1513,16,2.05
1514,16,2.05
1515,16,2.05
1516,16,2.15
1517,16,2.25
1518,16,2.40
1519,16,2.55
1520,16,2.70
1521,16,2.90
1522,16,3.15
1523,16,3.35
1524,16,2.70
1525,16,3.35
1526,16,1.15
1527,16,1.15
1528,16,3.35
1529,16,1.15
1530,16,1.15
1531,16,3.35
1532,16,1.15
1533,16,1.15
1534,16,1.90
1535,16,2.10
1536,16,3.10
1537,16,3.10
1538,16,3.10
1539,16,3.10
1540,16,3.15
1541,16,3.15
1542,16,3.25
1543,16,3.30
1544,16,3.35
1545,16,5.80
1546,16,3.65
1547,16,4.05
1548,16,4.20
1549,16,2.05
1550,16,2.40
1551,16,3.25
1552,16,3.40
1553,16,6.10
1554,16,3.60
1555,16,3.05
1556,16,2.20
1557,16,2.10
1558,16,2.00
1559,16,1.85
1560,16,1.80
1561,16,1.70
1562,16,1.70
1563,16,1.75
1564,16,1.75
1565,16,1.75
1566,16,1.90
1567,16,2.05
1568,16,2.20
1569,16,2.35
1570,16,2.50
1571,16,2.70
1572,16,2.95
1573,16,3.15
1574,16,2.50
1575,16,3.15
1576,16,2.15
1577,16,1.75
1578,16,3.15
1579,16,1.15
1580,16,1.15
1581,16,1.15
1582,16,3.35
1583,16,1.15
1584,16,1.55
1585,16,1.90
1586,16,2.90
1587,16,2.90
1588,16,2.90
1589,16,2.90
1590,16,2.90
1591,16,2.95
1592,16,3.05
1593,16,3.05
1594,16,3.15
1595,16,5.55
1596,16,3.40
1597,16,3.85
1598,16,4.00
1599,16,2.25
1600,16,2.60
1601,16,3.00
1602,16,3.15
1603,16,5.90
1604,16,3.35
1605,16,2.85
1606,16,1.95
1607,16,1.85
1608,16,1.70
1609,16,1.50
1610,16,1.45
1611,16,1.35
1612,16,1.15
1613,16,1.40
1614,16,1.40
1615,16,1.40
1616,16,1.60
1617,16,1.80
1618,16,2.00
1619,16,2.10
1620,16,2.30
1621,16,2.45
1622,16,2.75
1623,16,2.95
1624,16,2.30
1625,16,2.95
1626,16,2.35
1627,16,2.05
1628,16,2.90
1629,16,1.15
1630,16,1.15
1631,16,1.15
1632,16,1.15
1633,16,3.35
1634,16,1.15
1635,16,1.55
1636,16,2.65
1637,16,2.65
1638,16,2.65
1639,16,2.65
1640,16,2.70
1641,16,2.75
1642,16,2.80
1643,16,2.85
1644,16,2.95
1645,16,5.35
1646,16,3.20
1647,16,3.60
1648,16,3.75
1649,16,2.45
1650,16,2.85
1651,16,2.70
1652,16,2.85
1653,16,5.55
1654,16,3.05
1655,16,2.55
1656,16,1.60
1657,16,1.40
1658,16,1.25
1659,16,1.15
1660,16,1.15
1661,16,1.15
1662,16,1.15
1663,16,1.15
1664,16,1.15
1665,16,1.15
1666,16,1.15
1667,16,1.35
1668,16,1.60
1669,16,1.80
1670,16,2.00
1671,16,2.15
1672,16,2.45
1673,16,2.65
1674,16,2.00
1675,16,2.65
1676,16,2.70
1677,16,2.40
1678,16,2.60
1679,16,2.25
1680,16,2.00
1681,16,1.90
1682,16,1.55
1683,16,1.15
1684,16,3.35
1685,16,1.15
1686,16,2.25
1687,16,2.25
1688,16,2.25
1689,16,2.25
1690,16,2.35
1691,16,2.40
1692,16,2.50
1693,16,2.55
1694,16,2.60
1695,16,4.85
1696,16,2.90
1697,16,3.30
1698,16,3.45
1699,16,2.80
1700,16,3.15
1701,16,2.50
1702,16,2.65
1703,16,5.40
1704,16,2.85
1705,16,2.55
1706,16,1.80
1707,16,1.60
1708,16,1.45
1709,16,1.25
1710,16,1.15
1711,16,1.15
1712,16,1.15
1713,16,1.15
1714,16,1.15
1715,16,1.15
1716,16,1.15
1717,16,1.25
1718,16,1.55
1719,16,1.75
1720,16,2.00
1721,16,2.15
1722,16,2.45
1723,16,2.65
1724,16,2.00
1725,16,2.65
1726,16,2.85
1727,16,2.55
1728,16,2.40
1729,16,2.45
1730,16,2.20
1731,16,2.10
1732,16,1.90
1733,16,1.55
1734,16,1.15
1735,16,3.35
1736,16,1.85
1737,16,1.85
1738,16,1.85
1739,16,1.85
1740,16,2.00
1741,16,2.05
1742,16,2.20
1743,16,2.30
1744,16,2.45
1745,16,4.80
1746,16,2.90
1747,16,3.30
1748,16,3.45
1749,16,2.95
1750,16,3.35
1751,16,2.30
1752,16,2.50
1753,16,5.25
1754,16,2.75
1755,16,3.50
1756,16,2.75
1757,16,2.60
1758,16,2.50
1759,16,2.40
1760,16,2.35
1761,16,2.25
1762,16,2.15
1763,16,2.00
1764,16,2.00
1765,16,2.00
1766,16,2.25
1767,16,2.45
1768,16,2.65
1769,16,2.80
1770,16,2.95
1771,16,3.10
1772,16,3.40
1773,16,3.60
1774,16,2.95
1775,16,3.60
1776,16,3.85
1777,16,3.55
1778,16,2.10
1779,16,3.40
1780,16,3.20
1781,16,3.10
1782,16,2.90
1783,16,2.65
1784,16,2.25
1785,16,1.85
1786,16,3.35
1787,16,1.15
1788,16,1.15
1789,16,1.15
1790,16,1.15
1791,16,1.15
1792,16,1.15
1793,16,1.15
1794,16,1.90
1795,16,6.00
1796,16,3.85
1797,16,4.30
1798,16,4.40
1799,16,3.90
1800,16,4.30
1801,16,2.30
1802,16,2.50
1803,16,5.25
1804,16,2.75
1805,16,3.50
1806,16,2.75
1807,16,2.60
1808,16,2.50
1809,16,2.40
1810,16,2.35
1811,16,2.25
1812,16,2.15
1813,16,2.00
1814,16,2.00
1815,16,2.00
1816,16,2.25
1817,16,2.45
1818,16,2.65
1819,16,2.80
1820,16,2.95
1821,16,3.10
1822,16,3.40
1823,16,3.60
1824,16,2.95
1825,16,3.60
1826,16,3.85
1827,16,3.55
1828,16,2.10
1829,16,3.40
1830,16,3.20
1831,16,3.10
1832,16,2.90
1833,16,2.65
1834,16,2.25
1835,16,1.85
1836,16,1.15
1837,16,3.35
1838,16,1.15
1839,16,1.15
1840,16,1.15
1841,16,1.15
1842,16,1.15
1843,16,1.15
1844,16,1.90
1845,16,6.00
1846,16,3.85
1847,16,4.30
1848,16,4.40
1849,16,3.90
1850,16,4.30
1851,16,2.30
1852,16,2.50
1853,16,5.25
1854,16,2.75
1855,16,3.50
1856,16,2.75
1857,16,2.60
1858,16,2.50
1859,16,2.40
1860,16,2.35
1861,16,2.25
1862,16,2.15
1863,16,2.00
1864,16,2.00
1865,16,2.00
1866,16,2.25
1867,16,2.45
1868,16,2.65
1869,16,2.80
1870,16,2.95
1871,16,3.10
1872,16,3.40
1873,16,3.60
1874,16,2.95
1875,16,3.60
1876,16,3.85
1877,16,3.55
1878,16,2.10
1879,16,3.40
1880,16,3.20
1881,16,3.10
1882,16,2.90
1883,16,2.65
1884,16,2.25
1885,16,1.85
1886,16,1.15
1887,16,1.15
1888,16,3.35
1889,16,1.15
1890,16,1.15
1891,16,1.15
1892,16,1.15
1893,16,1.15
1894,16,1.90
1895,16,6.00
1896,16,3.85
1897,16,4.30
1898,16,4.40
1899,16,3.90
1900,16,4.30
1901,16,2.30
1902,16,2.50
1903,16,5.25
1904,16,2.75
1905,16,3.50
1906,16,2.75
1907,16,2.60
1908,16,2.50
1909,16,2.40
1910,16,2.35
1911,16,2.25
1912,16,2.15
1913,16,2.00
1914,16,2.00
1915,16,2.00
1916,16,2.25
1917,16,2.45
1918,16,2.65
1919,16,2.80
1920,16,2.95
1921,16,3.10
1922,16,3.40
1923,16,3.60
1924,16,2.95
1925,16,3.60
1926,16,3.85
1927,16,3.55
1928,16,2.10
1929,16,3.40
1930,16,3.20
1931,16,3.10
1932,16,2.90
1933,16,2.65
1934,16,2.25
1935,16,1.85
1936,16,1.15
1937,16,1.15
1938,16,1.15
1939,16,3.35
1940,16,1.15
1941,16,1.15
1942,16,1.15
1943,16,1.15
1944,16,1.90
1945,16,6.00
1946,16,3.85
1947,16,4.30
1948,16,4.40
1949,16,3.90
1950,16,4.30
1951,16,2.20
1952,16,2.40
1953,16,5.20
1954,16,2.70
1955,16,3.55
1956,16,2.80
1957,16,2.65
1958,16,2.55
1959,16,2.45
1960,16,2.40
1961,16,2.35
1962,16,2.25
1963,16,2.10
1964,16,2.10
1965,16,2.10
1966,16,2.35
1967,16,2.50
1968,16,2.70
1969,16,2.80
1970,16,3.00
1971,16,3.15
1972,16,3.45
1973,16,3.65
1974,16,3.00
1975,16,3.65
1976,16,3.85
1977,16,3.55
1978,16,2.00
1979,16,3.45
1980,16,3.20
1981,16,3.15
1982,16,2.90
1983,16,2.70
1984,16,2.35
1985,16,2.00
1986,16,1.15
1987,16,1.15
1988,16,1.15
1989,16,1.15
1990,16,3.35
1991,16,1.15
1992,16,1.15
1993,16,1.15
1994,16,1.80
1995,16,6.05
1996,16,3.90
1997,16,4.30
1998,16,4.45
1999,16,3.95
2000,16,4.35
2001,16,2.15
2002,16,2.35
2003,16,5.15
2004,16,2.65
2005,16,3.55
2006,16,2.80
2007,16,2.70
2008,16,2.60
2009,16,2.50
2010,16,2.45
2011,16,2.40
2012,16,2.30
2013,16,2.20
2014,16,2.20
2015,16,2.20
2016,16,2.45
2017,16,2.55
2018,16,2.70
2019,16,2.85
2020,16,3.00
2021,16,3.20
2022,16,3.50
2023,16,3.70
2024,16,3.00
2025,16,3.65
2026,16,3.90
2027,16,3.60
2028,16,1.95
2029,16,3.50
2030,16,3.25
2031,16,3.15
2032,16,2.95
2033,16,2.75
2034,16,2.40
2035,16,2.05
2036,16,1.15
2037,16,1.15
2038,16,1.15
2039,16,1.15
2040,16,1.15
2041,16,3.35
2042,16,1.15
2043,16,1.15
2044,16,1.80
2045,16,6.10
2046,16,3.95
2047,16,4.35
2048,16,4.50
2049,16,4.00
2050,16,4.35
2051,16,2.00
2052,16,2.20
2053,16,5.00
2054,16,2.50
2055,16,3.65
2056,16,2.90
2057,16,2.75
2058,16,2.70
2059,16,2.55
2060,16,2.55
2061,16,2.50
2062,16,2.40
2063,16,2.30
2064,16,2.30
2065,16,2.30
2066,16,2.50
2067,16,2.60
2068,16,2.80
2069,16,2.95
2070,16,3.10
2071,16,3.30
2072,16,3.55
2073,16,3.75
2074,16,3.10
2075,16,3.75
2076,16,4.00
2077,16,3.70
2078,16,1.90
2079,16,3.55
2080,16,3.35
2081,16,3.25
2082,16,3.05
2083,16,2.80
2084,16,2.50
2085,16,2.20
2086,16,1.15
2087,16,1.15
2088,16,1.15
2089,16,1.15
2090,16,1.15
2091,16,1.15
2092,16,3.35
2093,16,1.15
2094,16,1.80
2095,16,6.15
2096,16,4.00
2097,16,4.45
2098,16,4.60
2099,16,4.10
2100,16,4.45
2101,16,1.90
2102,16,2.15
2103,16,4.95
2104,16,2.45
2105,16,3.70
2106,16,2.95
2107,16,2.80
2108,16,2.70
2109,16,2.60
2110,16,2.60
2111,16,2.55
2112,16,2.45
2113,16,2.40
2114,16,2.40
2115,16,2.40
2116,16,2.55
2117,16,2.65
2118,16,2.85
2119,16,3.00
2120,16,3.15
2121,16,3.30
2122,16,3.60
2123,16,3.80
2124,16,3.15
2125,16,3.80
2126,16,4.05
2127,16,3.75
2128,16,1.90
2129,16,3.60
2130,16,3.35
2131,16,3.30
2132,16,3.05
2133,16,2.85
2134,16,2.55
2135,16,2.30
2136,16,1.15
2137,16,1.15
2138,16,1.15
2139,16,1.15
2140,16,1.15
2141,16,1.15
2142,16,1.15
2143,16,3.35
2144,16,1.80
2145,16,6.20
2146,16,4.05
2147,16,4.50
2148,16,4.60
2149,16,4.10
2150,16,4.50
2151,16,1.90
2152,16,1.90
2153,16,4.80
2154,16,2.30
2155,16,3.75
2156,16,3.00
2157,16,2.90
2158,16,2.80
2159,16,2.70
2160,16,2.65
2161,16,2.60
2162,16,2.55
2163,16,2.45
2164,16,2.45
2165,16,2.45
2166,16,2.65
2167,16,2.75
2168,16,2.90
2169,16,3.05
2170,16,3.20
2171,16,3.40
2172,16,3.70
2173,16,3.90
2174,16,3.20
2175,16,3.85
2176,16,4.10
2177,16,3.80
2178,16,1.90
2179,16,3.70
2180,16,3.45
2181,16,3.35
2182,16,3.15
2183,16,2.95
2184,16,2.60
2185,16,2.45
2186,16,1.90
2187,16,1.90
2188,16,1.90
2189,16,1.90
2190,16,1.80
2191,16,1.80
2192,16,1.80
2193,16,1.80
2194,16,3.35
2195,16,6.30
2196,16,4.15
2197,16,4.55
2198,16,4.70
2199,16,4.20
2200,16,4.55
2201,16,6.40
2202,16,6.55
2203,16,9.25
2204,16,6.70
2205,16,5.75
2206,16,5.55
2207,16,5.40
2208,16,5.30
2209,16,5.15
2210,16,5.05
2211,16,4.95
2212,16,4.85
2213,16,4.65
2214,16,4.65
2215,16,4.65
2216,16,4.65
2217,16,3.55
2218,16,4.65
2219,16,4.65
2220,16,5.05
2221,16,5.30
2222,16,5.65
2223,16,5.85
2224,16,5.05
2225,16,5.85
2226,16,6.55
2227,16,6.25
2228,16,6.25
2229,16,6.10
2230,16,5.85
2231,16,5.80
2232,16,5.55
2233,16,5.35
2234,16,4.85
2235,16,4.80
2236,16,6.00
2237,16,6.00
2238,16,6.00
2239,16,6.00
2240,16,6.05
2241,16,6.10
2242,16,6.15
2243,16,6.20
2244,16,6.30
2245,16,3.35
2246,16,6.10
2247,16,6.55
2248,16,6.70
2249,16,6.60
2250,16,7.00
2251,16,4.20
2252,16,4.35
2253,16,7.10
2254,16,4.55
2255,16,3.00
2256,16,3.40
2257,16,3.25
2258,16,3.15
2259,16,3.05
2260,16,3.00
2261,16,2.95
2262,16,2.90
2263,16,2.85
2264,16,2.85
2265,16,2.85
2266,16,2.70
2267,16,2.55
2268,16,2.40
2269,16,2.25
2270,16,2.10
2271,16,1.15
2272,16,1.15
2273,16,1.15
2274,16,2.45
2275,16,3.10
2276,16,4.35
2277,16,4.05
2278,16,4.10
2279,16,3.95
2280,16,3.70
2281,16,3.65
2282,16,3.40
2283,16,3.20
2284,16,2.90
2285,16,2.90
2286,16,3.85
2287,16,3.85
2288,16,3.85
2289,16,3.85
2290,16,3.90
2291,16,3.95
2292,16,4.00
2293,16,4.05
2294,16,4.15
2295,16,6.10
2296,16,3.35
2297,16,1.40
2298,16,1.65
2299,16,4.45
2300,16,4.85
2301,16,4.65
2302,16,4.80
2303,16,7.50
2304,16,5.00
2305,16,3.40
2306,16,3.80
2307,16,3.70
2308,16,3.60
2309,16,3.45
2310,16,3.45
2311,16,3.40
2312,16,3.30
2313,16,3.25
2314,16,3.25
2315,16,3.25
2316,16,3.10
2317,16,3.00
2318,16,2.85
2319,16,2.70
2320,16,2.55
2321,16,2.35
2322,16,2.05
2323,16,1.80
2324,16,2.85
2325,16,3.50
2326,16,4.80
2327,16,4.50
2328,16,4.55
2329,16,4.35
2330,16,4.15
2331,16,4.05
2332,16,3.85
2333,16,3.60
2334,16,3.30
2335,16,3.30
2336,16,4.30
2337,16,4.30
2338,16,4.30
2339,16,4.30
2340,16,4.30
2341,16,4.35
2342,16,4.45
2343,16,4.50
2344,16,4.55
2345,16,6.55
2346,16,1.40
2347,16,3.35
2348,16,1.15
2349,16,4.90
2350,16,5.25
2351,16,4.80
2352,16,4.95
2353,16,7.65
2354,16,5.15
2355,16,3.55
2356,16,3.95
2357,16,3.85
2358,16,3.70
2359,16,3.60
2360,16,3.60
2361,16,3.55
2362,16,3.45
2363,16,3.40
2364,16,3.40
2365,16,3.40
2366,16,3.25
2367,16,3.15
2368,16,2.95
2369,16,2.85
2370,16,2.65
2371,16,2.50
2372,16,2.20
2373,16,2.00
2374,16,3.00
2375,16,3.65
2376,16,4.95
2377,16,4.65
2378,16,4.70
2379,16,4.50
2380,16,4.30
2381,16,4.20
2382,16,4.00
2383,16,3.75
2384,16,3.45
2385,16,3.45
2386,16,4.40
2387,16,4.40
2388,16,4.40
2389,16,4.40
2390,16,4.45
2391,16,4.50
2392,16,4.60
2393,16,4.60
2394,16,4.70
2395,16,6.70
2396,16,1.65
2397,16,1.15
2398,16,3.35
2399,16,5.05
2400,16,5.40
2401,16,4.30
2402,16,4.45
2403,16,7.15
2404,16,4.65
2405,16,4.10
2406,16,3.25
2407,16,3.10
2408,16,3.05
2409,16,2.90
2410,16,2.90
2411,16,2.85
2412,16,2.85
2413,16,2.90
2414,16,2.90
2415,16,2.90
2416,16,2.95
2417,16,3.10
2418,16,3.25
2419,16,3.40
2420,16,3.55
2421,16,3.75
2422,16,4.00
2423,16,4.20
2424,16,3.55
2425,16,4.20
2426,16,1.15
2427,16,1.15
2428,16,4.20
2429,16,1.15
2430,16,1.95
2431,16,2.05
2432,16,2.25
2433,16,2.45
2434,16,2.80
2435,16,2.95
2436,16,3.90
2437,16,3.90
2438,16,3.90
2439,16,3.90
2440,16,3.95
2441,16,4.00
2442,16,4.10
2443,16,4.10
2444,16,4.20
2445,16,6.60
2446,16,4.45
2447,16,4.90
2448,16,5.05
2449,16,3.35
2450,16,1.15
2451,16,4.65
2452,16,4.80
2453,16,7.55
2454,16,5.00
2455,16,4.50
2456,16,3.60
2457,16,3.50
2458,16,3.40
2459,16,3.30
2460,16,3.25
2461,16,3.25
2462,16,3.25
2463,16,3.25
2464,16,3.25
2465,16,3.25
2466,16,3.35
2467,16,3.45
2468,16,3.60
2469,16,3.75
2470,16,3.90
2471,16,4.10
2472,16,4.40
2473,16,4.60
2474,16,3.95
2475,16,4.55
2476,16,1.15
2477,16,1.95
2478,16,4.55
2479,16,2.05
2480,16,2.30
2481,16,2.40
2482,16,2.60
2483,16,2.85
2484,16,3.15
2485,16,3.35
2486,16,4.30
2487,16,4.30
2488,16,4.30
2489,16,4.30
2490,16,4.35
2491,16,4.35
2492,16,4.45
2493,16,4.50
2494,16,4.55
2495,16,7.00
2496,16,4.85
2497,16,5.25
2498,16,5.40
2499,16,1.15
2500,16,3.35